-
824
824
824
825
825
825
825
824
824
824
822
823
824
823
824
825
825
826
827
826
826
826
825
825
826
825
826
825
826
827
827
826
827
828
828
829
828
827
827
826
826
826
825
825
824
825
825
824
825
824
825
825
824
825
825
825
826
825
824
825
824
824
824
823
823
823
824
824
824
822
822
822
823
823
823
823
824
824
823
823
823
823
822
821
821
821
822
821
821
820
820
820
820
819
819
819
820
820
820
820
821
821
821
822
822
821
821
822
821
822
823
823
822
823
824
825
824
824
824
824
824
825
826
826
825
826
826
825
825
825
825
825
827
826
826
826
827
826
825
825
825
824
824
824
822
823
824
825
826
825
827
827
826
827
827
828
828
829
828
828
827
828
827
827
828
828
827
828
828
828
829
828
828
828
828
827
826
827
826
825
826
825
826
826
827
826
826
827
827
828
829
828
828
827
828
825
824
824
823
824
-
824
822
820
819
817
817
816
814
815
815
816
816
815
813
813
813
813
813
812
811
811
811
811
810
810
808
808
809
810
810
809
809
810
809
810
810
809
809
808
808
808
809
808
809
808
807
806
806
807
807
807
807
806
807
806
806
807
808
807
808
809
808
809
809
808
809
808
808
808
807
807
805
805
804
804
804
805
805
804
804
804
804
804
804
804
805
804
805
804
805
804
804
804
802
803
803
803
805
805
803
803
803
804
804
804
805
805
806
806
806
807
808
809
809
809
809
809
809
809
809
810
811
811
811
811
811
811
810
810
810
809
810
808
809
809
809
808
808
809
809
809
810
812
812
813
813
813
813
814
813
813
813
813
813
812
813
812
813
813
813
813
814
814
814
814
814
814
814
814
814
816
816
817
819
819
819
820
819
820
821
821
820
820
819
820
820
819
819
819
819
819
816
816
815
816
816
818
818
819
820
-
819
819
819
818
818
817
816
815
814
816
815
815
816
815
814
813
813
814
814
814
814
814
813
811
811
811
810
810
810
809
810
811
810
811
810
810
810
810
809
810
809
809
808
808
809
807
808
807
807
807
807
807
807
808
807
808
809
809
808
809
809
809
808
809
808
808
807
807
807
807
807
806
807
808
807
807
807
808
808
807
807
808
807
808
807
808
808
807
807
806
806
806
805
804
804
804
805
806
806
805
805
804
803
802
801
801
801
801
801
801
801
800
800
800
800
800
800
800
800
800
800
800
799
798
798
798
798
798
798
798
798
797
798
797
796
797
796
798
798
798
799
798
798
797
796
797
796
796
797
796
796
796
796
795
796
797
797
796
796
797
797
796
797
798
798
797
796
796
797
797
797
797
798
798
797
796
797
797
799
799
799
799
798
799
799
799
798
799
798
798
799
799
799
799
800
800
800
801
800
800
-
802
804
807
809
811
813
815
816
817
819
820
821
821
822
822
823
824
824
825
826
826
826
827
827
828
826
827
828
828
828
829
828
827
826
827
827
826
827
827
828
829
829
828
828
828
829
828
829
828
827
827
828
827
827
827
827
827
825
825
825
826
825
825
824
824
823
823
823
824
824
824
825
826
824
825
826
826
825
826
827
825
825
825
826
827
826
826
825
825
826
827
827
827
827
826
825
825
824
825
824
823
821
821
820
820
821
821
820
820
819
819
817
817
817
817
817
817
817
817
817
818
817
817
817
816
816
815
816
816
817
817
817
816
816
815
815
817
817
817
817
818
817
816
815
815
815
816
816
816
816
817
817
817
818
818
818
819
819
819
818
818
818
818
817
817
816
816
816
815
815
815
816
816
817
817
816
816
816
816
816
818
818
819
821
820
820
819
820
820
820
820
820
820
819
819
819
820
820
820
820
-
821
822
823
824
825
827
828
828
828
828
829
829
831
831
831
831
832
832
832
832
832
832
833
833
831
832
832
831
830
828
828
829
829
828
829
828
827
827
828
827
827
827
827
826
825
826
826
827
826
826
826
827
828
828
827
828
827
826
826
825
825
825
824
825
825
825
824
824
825
826
825
824
824
824
823
823
824
823
823
823
821
821
822
823
823
822
822
822
821
822
822
822
822
822
822
823
824
824
823
823
822
821
822
822
820
820
821
822
822
821
821
821
821
822
822
823
823
822
824
824
825
826
826
825
825
826
826
826
826
825
826
825
825
824
824
825
824
824
822
821
821
822
821
821
822
822
822
823
824
823
823
822
823
823
823
823
821
823
822
822
822
822
822
822
822
822
821
821
821
822
822
823
822
822
822
823
824
824
822
822
822
823
824
825
826
825
826
826
825
826
825
824
823
823
822
822
822
822
821
821
-
821
821
820
820
820
821
821
820
820
820
820
819
819
820
821
821
822
822
821
822
821
822
822
822
821
821
820
819
819
819
819
819
819
821
820
820
820
820
819
818
818
818
818
818
819
820
821
820
821
821
821
820
819
818
815
816
816
816
817
817
817
818
818
818
819
820
819
820
822
821
822
824
823
823
823
823
822
822
822
822
821
821
823
823
824
825
826
825
825
825
825
825
826
827
828
828
827
827
826
827
829
829
829
830
830
829
829
830
829
828
828
828
828
829
828
827
826
827
826
825
825
826
826
825
825
825
825
824
823
823
820
820
820
820
820
819
821
821
822
822
822
822
822
821
821
821
821
821
822
822
822
822
823
824
825
824
824
824
823
822
822
821
822
823
823
823
822
822
821
820
822
822
821
821
821
819
818
819
819
819
820
820
820
821
820
820
820
821
821
821
820
820
819
820
819
820
820
820
821
820
-
794
797
796
797
799
801
801
801
802
802
804
805
805
805
806
806
807
807
808
809
809
810
810
811
812
813
813
813
810
811
811
811
812
813
813
812
813
812
812
813
812
812
813
814
814
814
815
816
816
817
817
818
817
816
817
817
818
818
818
819
819
820
819
820
820
821
821
821
821
821
821
822
819
820
820
820
821
821
820
821
822
822
822
822
823
824
824
824
824
824
823
822
823
822
824
823
823
823
824
824
823
821
820
819
815
815
814
814
813
814
813
813
812
811
811
810
810
810
808
808
807
806
806
805
804
804
803
804
805
804
805
805
805
805
805
805
805
805
806
807
807
807
807
807
807
806
807
806
804
804
803
804
805
805
806
804
805
805
806
805
805
805
805
806
806
806
806
806
806
806
806
807
806
807
808
808
808
808
808
808
808
808
809
810
809
810
811
812
812
813
812
813
814
815
815
816
815
816
815
815
-
814
814
812
812
812
811
812
812
811
811
810
810
809
809
809
809
808
809
808
808
808
807
807
807
806
806
805
805
804
804
803
804
803
803
803
803
803
803
803
802
802
802
801
802
802
803
802
801
801
801
802
802
802
802
802
803
803
803
803
803
802
802
803
803
804
804
804
804
804
805
805
805
806
806
807
806
805
805
805
805
805
806
806
806
806
806
806
806
807
808
809
810
810
810
810
810
810
810
810
811
808
807
807
807
807
807
807
806
805
804
805
805
804
805
805
805
804
805
804
804
805
804
802
802
803
803
804
805
805
807
805
807
807
806
807
807
807
807
807
807
807
807
807
808
809
809
809
810
811
811
812
811
810
810
810
811
811
811
811
811
812
812
813
813
814
813
814
814
814
814
815
816
816
817
818
818
817
817
817
817
818
818
819
818
818
817
818
818
818
818
818
817
817
818
818
818
817
818
817
817
-
816
815
814
812
812
811
809
809
809
809
808
808
808
807
808
808
807
806
805
805
806
806
806
807
806
806
806
806
806
806
807
807
806
806
805
805
805
805
804
804
805
805
805
806
806
806
807
808
808
809
809
809
808
807
808
810
810
809
810
811
812
812
811
811
811
810
810
810
810
810
811
811
810
811
812
812
811
812
812
813
814
814
813
813
813
814
814
814
813
813
813
812
812
812
813
813
813
812
812
811
811
812
811
809
809
809
810
811
809
809
809
809
808
808
808
808
807
807
808
808
808
808
809
809
809
809
808
806
807
807
808
808
808
808
807
806
806
805
804
804
805
805
806
805
805
807
806
807
807
807
807
808
807
809
809
809
809
809
809
810
809
809
809
809
808
808
808
808
809
809
809
809
809
808
810
809
809
809
810
810
810
810
809
809
811
811
812
812
813
814
813
813
813
813
814
815
815
814
813
815
-
814
813
814
814
814
814
814
814
814
814
813
813
812
811
810
810
810
809
809
810
809
808
808
808
808
807
807
808
808
807
807
806
806
806
806
806
806
806
806
806
806
805
805
805
804
803
802
803
803
803
803
804
804
804
804
804
803
804
804
803
804
804
806
805
806
805
806
806
807
807
806
807
806
806
806
806
807
807
807
807
807
807
807
807
807
807
807
806
805
806
806
806
806
806
806
806
806
806
806
806
807
808
808
808
808
808
809
810
811
811
812
813
813
813
813
813
813
813
813
812
813
812
812
813
813
812
813
813
812
813
813
812
811
811
810
809
809
810
810
810
809
809
809
809
809
809
809
809
809
808
809
809
809
808
808
808
808
805
805
804
804
804
804
804
804
805
805
806
805
806
806
806
806
807
808
809
809
809
810
809
810
810
809
810
810
810
810
810
809
808
808
808
808
807
806
804
805
804
804
803
-
805
806
807
809
810
811
812
813
814
815
815
814
815
816
816
816
817
818
818
820
820
821
820
820
820
820
820
820
820
819
819
818
819
817
816
816
816
815
816
816
817
817
818
818
818
818
819
818
819
818
818
818
818
818
817
815
816
815
816
817
817
817
817
818
817
816
816
816
816
815
815
815
814
813
813
814
813
813
813
814
815
814
815
815
816
815
815
814
814
814
813
813
814
814
813
813
813
813
813
814
813
812
810
810
809
809
809
808
807
803
803
803
803
803
803
804
804
805
805
804
805
804
804
804
805
804
803
803
803
802
803
801
800
801
801
801
802
803
803
803
805
805
805
805
805
805
805
806
806
807
806
806
806
806
806
806
806
806
806
806
807
807
807
807
808
808
808
808
808
808
809
809
811
810
810
811
811
811
810
810
810
810
810
810
810
809
811
810
810
811
812
811
812
812
811
811
811
812
812
812
-
812
810
810
809
809
809
809
805
805
806
806
805
804
805
805
807
806
807
807
807
807
807
807
807
807
806
807
805
806
807
808
808
807
806
804
804
804
805
805
804
805
803
803
803
803
804
804
804
804
804
805
805
805
806
806
806
806
806
806
806
806
806
806
805
805
805
805
806
807
806
806
806
807
807
806
806
806
806
806
806
806
805
806
806
806
806
806
806
806
806
806
806
806
807
807
807
807
808
808
808
809
810
811
812
811
811
812
812
811
812
812
812
811
811
810
810
810
810
810
809
809
809
809
808
808
809
808
807
807
807
806
806
805
806
806
805
804
803
802
801
802
802
802
803
803
803
802
802
801
802
802
801
801
801
801
801
801
802
801
803
803
803
802
802
801
801
801
802
802
801
800
800
800
800
800
800
801
801
801
801
801
802
802
801
800
801
802
801
802
802
802
802
801
802
802
803
803
803
803
803
-
836
837
838
838
838
839
839
839
838
838
839
839
840
841
841
842
843
843
844
844
845
845
846
846
847
848
849
851
852
853
854
853
853
853
853
853
853
853
853
854
853
853
852
853
853
853
852
852
852
852
852
852
852
851
852
853
854
853
853
854
853
853
853
853
853
853
853
852
852
853
854
853
854
855
855
855
854
854
854
854
855
856
857
857
858
858
858
859
859
859
859
860
859
859
859
860
860
860
861
861
859
857
857
856
856
854
854
854
853
852
852
852
851
851
852
852
852
852
852
852
850
850
850
850
849
850
850
850
850
850
850
849
848
848
848
846
845
845
846
846
845
844
844
843
843
843
843
844
843
842
842
841
841
840
840
840
839
840
839
839
838
838
838
839
838
838
838
837
837
837
838
839
840
839
840
841
840
840
840
841
840
841
841
842
842
841
842
841
842
842
841
841
841
841
842
842
842
843
844
844
-
845
846
847
849
850
851
852
853
853
854
855
856
856
857
858
859
859
860
860
860
861
861
861
862
862
862
863
863
863
864
864
864
864
866
866
866
866
866
866
866
865
864
864
864
864
864
863
864
864
864
864
864
864
864
864
861
862
862
862
862
862
862
862
862
862
861
862
861
861
861
860
860
860
861
861
860
861
859
858
859
858
859
858
859
859
859
859
858
859
858
858
859
858
859
858
857
858
858
858
859
856
856
855
854
853
853
852
852
852
850
851
851
850
851
851
851
851
851
851
851
850
851
851
850
851
851
851
851
851
851
851
851
851
851
852
852
853
854
855
855
855
855
855
855
855
856
856
857
858
858
858
858
858
858
859
859
859
860
860
860
858
858
857
857
856
856
857
856
857
856
856
855
856
855
855
855
854
853
853
852
852
852
851
851
851
851
852
851
851
850
850
850
850
850
850
849
848
848
849
849
-
850
851
852
853
854
855
855
854
855
856
857
858
858
858
859
859
860
859
860
860
859
859
860
860
860
861
860
860
859
860
860
860
859
859
858
859
859
859
860
860
860
860
860
859
858
858
858
858
858
859
857
857
856
856
856
856
855
855
855
855
855
854
854
854
853
853
853
853
852
852
852
853
852
851
851
851
851
851
851
851
850
850
850
849
849
849
849
849
849
849
849
849
848
847
846
846
846
846
846
847
848
849
850
850
849
849
849
849
850
851
851
851
851
851
851
851
851
851
852
853
853
853
854
854
855
856
855
855
855
854
854
854
853
853
853
852
852
852
851
851
851
851
851
851
851
851
851
851
851
850
850
850
850
849
850
850
850
850
850
850
849
849
850
850
850
850
851
851
850
850
850
850
850
849
850
848
848
848
848
849
849
850
850
850
850
850
850
850
850
850
850
852
852
853
853
853
852
852
852
852
-
852
852
850
850
851
850
850
850
850
850
850
850
850
850
850
849
849
848
848
847
847
847
848
848
847
848
848
848
848
848
847
847
847
847
847
847
847
847
847
846
845
845
845
844
844
844
843
842
842
841
840
840
839
839
839
839
839
840
840
841
841
841
841
841
840
839
839
837
838
838
838
839
840
839
839
838
838
839
838
839
839
840
841
841
841
841
842
842
843
842
842
842
842
843
843
843
844
844
845
845
847
848
848
849
849
850
851
852
852
852
851
851
851
851
851
851
851
853
853
854
854
853
853
854
853
853
853
852
852
852
852
853
853
852
852
852
851
851
851
851
851
851
851
850
851
850
850
850
849
849
849
849
848
849
849
848
848
848
848
848
847
847
847
847
847
848
847
847
846
845
845
845
845
845
844
845
844
843
844
843
844
843
844
844
844
844
845
845
845
846
846
846
846
846
846
846
846
846
847
847
-
848
850
850
850
850
851
852
853
854
853
853
853
854
854
854
854
853
853
853
854
854
855
854
854
854
853
853
852
852
853
853
853
853
852
852
852
852
852
852
852
853
852
851
851
851
851
851
851
851
850
850
849
849
849
850
850
850
849
849
849
849
849
848
849
849
848
848
848
849
849
849
849
849
848
849
849
848
848
847
846
847
847
847
847
846
846
845
844
844
845
844
845
845
845
846
846
846
845
845
845
846
847
848
849
851
852
853
854
855
856
856
857
857
858
859
860
860
861
861
861
861
861
861
861
861
862
861
860
860
860
861
861
861
862
861
861
860
859
860
860
860
860
860
860
859
858
858
858
857
856
856
856
857
856
855
855
854
854
854
854
853
853
853
854
853
853
853
852
852
852
852
852
852
852
852
852
852
851
851
851
851
851
851
851
851
850
850
849
849
849
848
847
846
845
845
845
845
844
844
844
-
846
847
848
848
848
848
849
848
849
849
849
848
848
847
848
848
848
848
848
847
847
846
846
846
846
846
846
847
846
846
846
846
845
845
845
845
845
845
845
845
844
843
843
843
842
842
841
842
841
840
841
840
840
839
839
839
838
837
837
838
838
838
839
839
838
839
840
839
840
841
840
841
841
842
843
843
842
842
841
841
841
841
841
841
841
842
843
844
844
845
845
846
847
847
847
848
849
850
851
851
850
849
849
849
848
847
846
845
845
845
845
845
844
843
842
843
842
842
842
843
843
843
843
843
843
843
843
844
844
844
845
845
844
845
845
845
845
844
845
845
845
845
845
844
845
844
844
845
845
846
846
846
846
847
847
847
848
849
850
850
851
851
851
851
852
852
853
853
854
855
855
855
856
855
856
857
857
858
858
859
859
860
860
861
861
861
862
862
863
863
863
863
863
863
862
863
862
861
860
860
-
770
769
769
769
769
768
767
766
765
765
765
765
765
765
765
765
765
765
765
763
763
763
764
763
763
763
763
762
762
763
764
764
764
765
764
764
763
764
764
765
764
764
764
764
764
765
767
766
766
766
766
765
765
765
765
764
765
765
765
765
765
765
766
766
765
764
765
764
765
764
763
764
763
763
765
765
765
765
765
765
766
766
766
766
767
767
766
766
767
767
768
768
767
767
767
767
767
766
767
767
768
769
771
772
773
774
776
776
777
778
779
781
783
784
784
784
784
785
787
786
788
788
788
788
789
790
790
792
792
792
792
791
791
790
790
790
791
792
792
792
792
792
791
792
792
791
792
791
791
791
792
793
793
793
794
794
795
795
796
796
795
795
795
795
796
796
797
796
796
797
797
798
797
797
797
797
797
798
798
797
797
796
796
795
794
794
795
793
793
793
794
793
793
793
793
794
793
794
795
795
-
794
794
793
793
791
790
791
790
790
790
789
789
789
788
788
786
786
786
785
786
785
785
785
785
785
785
785
785
785
784
784
783
782
781
780
780
781
781
781
781
782
781
781
781
781
780
781
781
782
782
782
782
782
782
782
781
782
782
782
782
781
782
782
782
782
782
783
783
783
783
784
784
784
784
785
785
784
783
783
783
783
784
784
784
785
784
783
783
783
782
782
782
783
782
782
782
783
783
783
784
784
784
785
784
784
785
785
785
784
784
784
784
784
785
785
785
785
785
785
785
786
787
787
786
786
786
786
786
786
788
787
787
787
787
786
786
786
787
788
788
788
788
789
788
788
788
787
788
789
789
789
789
788
788
788
788
788
788
788
787
786
787
787
786
786
786
786
786
786
787
788
788
788
788
787
787
788
787
787
787
787
787
787
787
787
787
788
788
788
788
787
787
787
788
789
790
789
789
790
790
-
790
791
791
790
790
790
789
789
788
788
788
789
789
787
787
787
787
786
786
785
785
786
786
786
786
786
786
786
787
786
787
785
785
785
786
786
786
786
786
785
785
785
785
785
785
786
786
786
786
786
786
786
786
786
786
786
787
788
789
788
789
789
789
790
790
789
789
789
789
790
789
790
791
791
790
790
790
790
789
790
790
790
791
791
792
793
792
793
792
792
792
791
791
791
792
791
790
791
792
792
791
790
790
789
789
789
788
788
788
787
787
785
786
786
785
786
786
786
786
786
786
785
785
785
785
785
785
785
785
785
785
785
785
785
785
785
785
785
785
785
785
786
787
787
787
787
788
787
788
788
788
787
787
787
788
788
787
787
788
788
787
787
787
787
787
787
787
787
788
789
790
790
791
792
791
791
791
792
791
791
791
791
790
789
788
788
788
788
788
787
787
787
787
786
787
787
787
787
787
786
-
786
786
786
787
787
787
787
787
788
788
788
789
789
789
790
790
791
790
790
791
791
791
790
790
791
791
791
791
792
793
794
794
794
793
794
794
794
794
795
795
796
796
797
796
795
796
796
796
795
796
796
797
798
797
796
796
797
797
797
797
797
797
798
798
798
798
798
798
798
798
799
799
798
798
798
798
797
798
797
797
797
797
798
798
797
796
796
795
795
795
794
795
795
796
796
795
795
795
796
796
795
795
794
793
792
792
791
791
790
790
789
788
788
788
787
787
787
787
788
787
787
787
786
786
786
786
787
787
787
787
787
787
786
786
786
786
787
788
787
787
787
787
787
787
788
789
788
789
789
788
789
788
789
789
789
788
788
789
790
789
789
789
790
791
790
790
790
790
790
790
789
790
791
792
793
793
794
795
795
795
795
795
795
796
796
796
795
796
796
796
795
795
795
795
795
796
796
797
797
796
-
795
794
794
794
793
793
792
791
791
790
790
789
790
791
790
790
791
791
792
792
793
792
793
793
792
792
792
793
792
793
794
793
793
793
793
793
794
793
793
794
793
792
793
792
792
791
790
790
789
789
789
788
789
790
790
790
790
790
789
790
789
788
788
788
789
788
788
788
787
787
788
788
788
788
789
789
789
789
788
787
787
787
786
786
786
787
787
787
787
787
787
787
787
786
786
786
786
787
786
786
787
789
789
790
790
790
790
791
791
791
792
791
791
791
792
791
791
791
791
791
791
790
790
789
790
790
791
790
790
790
791
791
792
792
792
791
790
790
790
789
789
789
788
787
787
788
788
788
788
789
788
788
789
789
788
788
789
788
788
788
788
787
787
787
787
788
787
788
788
788
788
787
786
786
787
787
788
787
788
789
789
789
788
788
788
788
788
787
788
789
789
789
788
788
788
788
788
788
789
788
-
788
787
788
789
789
789
788
788
788
788
788
788
788
788
788
787
787
786
786
787
786
786
786
786
786
786
785
785
785
785
786
787
786
786
786
786
785
785
785
785
786
786
786
786
786
786
787
786
786
786
787
787
786
786
788
787
788
787
787
787
787
787
787
788
787
787
787
787
787
787
788
788
788
788
790
790
790
790
791
791
791
791
792
791
792
792
793
793
794
793
794
795
796
796
797
797
796
797
796
797
794
794
793
793
792
793
793
794
793
792
792
791
792
792
792
792
792
791
790
789
790
789
790
790
789
789
788
788
788
789
789
790
791
790
789
789
790
790
791
790
791
790
790
790
789
789
788
789
788
788
789
789
789
789
788
788
788
788
788
787
788
788
789
789
790
791
792
792
792
793
792
793
794
794
794
794
793
794
793
793
792
793
794
793
794
794
794
795
795
796
796
795
795
796
796
797
796
796
796
797
-
796
795
795
794
793
792
791
791
790
790
790
789
789
789
787
787
787
786
786
785
785
786
785
785
785
784
785
785
785
785
784
783
783
783
784
784
783
784
784
784
784
784
784
785
786
787
786
786
786
786
786
786
786
786
786
786
786
786
786
787
788
788
788
788
788
788
789
789
789
789
789
788
789
790
791
791
791
790
791
790
791
792
792
793
794
793
793
793
793
793
792
793
793
792
792
793
793
793
794
794
827
829
832
834
837
839
841
841
842
842
842
844
844
845
845
846
847
847
847
846
845
844
845
844
843
842
842
842
842
843
842
842
842
842
841
840
839
839
838
839
839
838
837
837
836
836
836
834
833
833
833
833
833
833
833
833
833
833
832
832
832
831
831
830
830
829
828
827
829
829
828
828
826
827
825
825
825
826
826
825
826
825
824
824
824
823
822
821
821
819
818
819
819
818
817
816
816
815
814
814
-
814
813
812
811
811
809
807
806
804
803
803
802
802
803
802
802
802
801
801
801
801
802
803
803
804
803
803
803
802
803
802
802
803
803
804
804
803
804
804
804
804
804
803
803
803
804
804
805
806
808
811
814
817
818
820
823
825
826
828
830
832
833
834
836
836
835
836
837
838
837
838
839
841
843
844
844
844
845
844
843
844
844
844
843
843
842
840
840
838
838
836
836
836
836
835
835
834
834
834
832
834
836
838
840
842
844
846
847
849
850
851
853
854
854
855
856
857
856
857
858
859
859
859
861
861
861
861
863
864
864
865
865
865
865
865
865
865
866
866
865
865
865
864
864
863
863
863
863
863
862
862
863
863
863
864
864
864
864
864
866
866
864
865
864
864
864
864
865
866
866
866
866
866
866
866
865
865
864
864
864
863
864
864
864
865
865
863
864
865
864
863
863
863
864
864
864
864
864
864
863
-
862
861
860
859
860
860
861
861
861
861
861
860
859
858
858
858
859
859
859
859
858
857
856
854
854
854
853
853
853
853
853
852
852
851
851
852
850
850
850
849
846
844
842
840
838
838
836
836
835
835
834
834
834
835
836
837
838
839
839
838
839
839
838
839
840
841
842
843
842
842
842
841
842
841
842
842
842
843
843
843
843
843
843
842
843
842
841
842
841
842
842
841
842
842
841
842
841
841
841
841
842
842
842
842
842
842
843
845
845
844
844
844
844
844
844
843
843
843
842
843
843
843
844
844
844
844
844
844
844
844
844
844
844
843
842
841
842
842
841
839
838
838
837
837
837
836
836
835
835
835
835
833
832
831
830
829
829
828
828
828
827
827
825
825
824
824
822
822
821
821
820
820
819
817
818
819
819
817
817
818
817
815
814
813
813
813
813
812
810
811
810
809
808
807
806
807
808
806
807
807
-
809
812
814
815
817
818
819
820
820
821
822
821
822
823
822
822
823
822
822
821
821
820
820
819
818
817
817
817
818
818
818
818
818
817
818
818
817
817
815
814
814
813
812
813
812
811
810
811
811
810
811
812
812
811
810
810
811
811
811
811
811
812
812
813
813
812
813
812
813
811
812
813
813
814
814
813
813
813
813
814
814
815
814
815
815
815
817
818
818
818
818
818
818
819
819
819
819
819
819
818
820
824
827
830
833
835
838
840
843
846
848
850
851
854
854
856
857
860
863
864
866
868
870
871
872
873
874
876
879
880
880
881
882
882
884
883
881
881
880
879
878
876
874
873
873
871
870
870
869
869
869
868
868
867
866
866
866
866
867
868
869
870
870
870
870
869
869
868
868
869
868
868
868
867
868
868
866
864
863
863
864
864
862
861
861
860
860
859
860
860
860
861
860
859
858
857
857
856
855
856
-
857
856
858
858
860
861
863
864
865
866
868
868
869
869
869
869
869
869
869
869
868
867
867
867
865
865
865
866
867
868
868
869
870
871
871
872
871
871
870
871
872
873
873
873
874
876
876
874
872
871
870
870
869
869
869
869
869
868
867
867
867
866
864
864
862
863
862
861
860
859
859
858
858
857
857
857
855
855
854
853
851
850
849
848
847
847
848
848
848
848
849
849
848
847
846
846
846
846
846
846
843
842
843
844
844
846
846
847
847
848
850
852
853
854
854
855
855
854
854
854
855
854
853
853
853
853
852
852
851
850
850
848
847
847
847
847
847
847
847
848
848
848
848
849
848
847
848
847
847
846
848
847
846
846
847
845
845
845
844
843
842
842
841
840
838
838
837
836
836
837
835
834
836
837
837
839
838
839
840
839
839
838
838
839
840
840
840
839
839
840
839
841
840
838
838
838
838
839
839
839
-
839
841
843
843
845
847
848
850
851
852
852
853
854
855
855
857
857
859
859
859
861
862
863
862
862
862
864
864
864
864
864
863
863
863
863
864
865
866
866
866
866
868
869
870
870
871
873
874
873
874
875
875
877
877
879
879
879
880
881
881
880
881
881
881
881
881
881
881
881
881
881
883
883
883
883
884
885
886
886
886
884
884
885
885
885
885
885
885
886
887
887
888
888
889
888
889
889
890
891
890
889
889
889
889
890
890
892
893
893
895
896
896
896
898
898
898
899
900
901
901
900
903
905
906
908
909
909
910
909
908
908
907
906
906
906
906
905
905
906
905
906
907
907
907
907
907
907
908
908
909
908
910
909
908
909
908
908
908
908
908
908
907
906
905
906
904
902
902
902
902
903
902
902
902
901
902
902
902
901
901
901
901
901
902
901
901
901
899
899
898
899
900
899
899
899
899
899
897
896
895
