-

Go to PROCESS, Array: 
Absolute Max: 767.00
Absolute Min: 705.00

0.69
0.71
0.71
0.73
0.73
0.73
0.
74
0.76
0.76
0.76
0.76
0.7
7
0.77
0.79
0.81
0.81
0.81
0.81
0.81
0.79
0.79
0.79
0.81
0.81
0.81
0.82
0.82
0.82
0.82
0.84
0.84
0.85
0.84
0.84
0.84
0.84
0.84
0.84
0.84
0.82
0.82
0.84
0.84
0.84
0.84
0.84
0.85
0.85
0.85
0.87
0.85
0.87
0.87
0.87
0.85
0.85
0.84
0.82
0.82
0.84
0.82
0.81
0.77
0.76
0.76
0.76
0.76
0.76
0.74
0.74
0.74
0.73
0.7
3
0.73
0.71
0.71
0.69
0.69
0.68
0.68
0.66
0.66
0.65
0.66
0.66
0.66
0.66
0.66
0.66
0.66
0.66
0.66
0.66
0.66
0.66
0.66
0.65
0.66
0.65
0.65
0.65
0.63
0.63
0.63
0.63
0.63
0.63
0.65
0.65
0.65
0.65
0.65
0.66
0.68
0.68
0.69
0.68
0.68
0.68
0.68
0.68
0.69
0.71
0.71
0.69
0.71
0.68
0.68
0.69
0.71
0.69
0.68
0.68
0.69
0.68
0.69
0.71
0.69
0.68
0.68
0.68
0
.69
0.68
0.68
0.65
0.65
0.63
0.63
0.63
0.65
0.63
0.65
0.65
0.63
0.61
0.61
0.61
0.61
0.61
0.61
0.58
0.56
0.58
0.5
6
0.56
0.56
0.55
0.53
0.53
0.53
0.55
0.55
0.53
0.53
0.52
0.52
0.53
0.52
0.52
0.50
0.50
0.52
0.52
0.52
0.50
0.50
0.50
0.52
0.50
0.52
0.50
0.52
0.50
0.52
0.50
0.50
0.48
0.50
0.48
0.48
-
0.52
0.56
0.60
0.61
0.63
0.65
0.66
0.66
0.68
0.68
0.69
0.71
0.73
0.73
0.74
0.76
0.74
0.74
0.76
0.76
0.77
0.79
0.79
0.79
0.81
0.77
0.81
0.81
0.81
0.81
0.82
0.82
0.82
0.81
0.8
1
0.84
0.85
0.84
0.84
0.84
0.84
0.84
0.84
0.84
0.85
0.85
0.85
0.85
0.87
0.89
0.87
0.87
0.87
0.87
0.87
0.87
0.87
0.89
0.89
0.89
0.89
0.89
0.90
0.90
0.92
0.92
0.90
0.9
2
0.92
0.9
2
0.92
0.92
0.89
0.89
0.89
0.89
0.85
0.84
0.84
0.84
0.84
0.84
0.84
0.82
0.82
0.84
0.84
0.84
0.85
0.85
0.82
0.82
0.82
0.82
0.82
0.82
0.82
0.82
0.82
0.81
0.82
0.84
0.84
0.84
0.85
0.85
0.84
0.85
0.85
0.84
0.84
0.8
4
0.84
0.84
0.84
0.82
0.82
0.84
0.84
0.84
0.8
4
0.84
0.8
2
0.82
0.84
0.84
0.85
0.85
0.87
0.85
0.85
0.89
0.89
0.89
0.89
0.89
0.87
0.89
0.89
0.89
0.89
0.90
0.89
0.90
0.92
0.90
0.90
0.92
0.92
0.92
0.94
0.94
0.95
0.94
0.94
0.95
0.95
0.97
0.95
0.95
0.95
0.97
0.97
0.98
0.97
0.98
1.00
1.02
1.02
1.03
1.02
1.02
1.02
1.03
1.03
1.03
1.02
1.00
1.02
1.00
1.00
0.98
0.98
0.98
0.98
0.98
0.97
0.97
0.97
0.98
0.98
0.98
0.98
0.97
0.98
0.97
0.98
1.00
1.00
1.02
-
1.00
1.00
0.98
1.00
1.00
1.02
1.00
0.98
0.98
0.97
0.97
0.97
0.95
0.92
0.92
0.92
0.92
0.90
0.90
0.89
0.89
0.87
0.89
0.87
0.87
0.87
0.87
0.85
0.85
0.85
0.85
0.84
0.84
0.85
0.85
0.85
0.84
0.84
0.84
0.84
0.82
0.84
0.84
0.82
0.84
0.84
0.84
0.82
0.85
0.84
0.84
0.85
0.85
0.85
0.85
0.84
0.82
0.82
0.81
0.81
0.81
0.81
0.81
0.82
0.82
0.82
0.82
0.82
0.82
0.82
0.82
0.82
0.8
4
0.84
0.
82
0.82
0.81
0.79
0.79
0.79
0.79
0.82
0.79
0.79
0.79
0.77
0.77
0.76
0.76
0.77
0.76
0.77
0.76
0.74
0.76
0.76
0.76
0.76
0.79
0.79
0.79
0.77
0.79
0.79
0.79
0.79
0.81
0.79
0.79
0.81
0.81
0.79
0.79
0.79
0.81
0.81
0.81
0.81
0.82
0.82
0.84
0.84
0.84
0.84
0.84
0.82
0.82
0.8
2
0.85
0.84
0.84
0.85
0
.89
0.90
0.92
0.92
0.94
0.94
0.95
0.92
0.92
0.92
0.92
0.92
0.90
0.87
0.87
0.87
0.85
0.87
0.87
0.90
0.90
0.90
0.89
0.89
0.90
0.90
0.89
0.89
0.87
0.87
0.87
0.85
0.85
0.87
0.85
0.85
0.85
0.85
0.84
0.84
0.85
0.84
0.84
0.85
0.87
0.85
0.85
0.85
0.85
0.84
0.82
0.84
0.84
0.84
0.85
0.85
0.85
0.84
0.82
0.82
0.82
0.84
0.84
0.84
0.84
0.87
0.87
0.87
-
0.89
0.9
0
0.90
0.90
0.92
0.92
0.94
0.94
0.92
0.94
0.94
0.95
0.94
0.94
0.94
0.95
0.95
0.97
0.95
0.95
0.94
0.94
0.94
0.94
0.90
0.90
0.90
0
.90
0.90
0.89
0.89
0.87
0.89
0.90
0.90
0.89
0.89
0.89
0.89
0.8
9
0.89
0.87
0.87
0.87
0.87
0.89
0.89
0.89
0.87
0.87
0.85
0.85
0.87
0.87
0.87
0.90
0.90
0.89
0.89
0.89
0.89
0.89
0.89
0.87
0.89
0.87
0.89
0.89
0.89
0.89
0.89
0.89
0.8
7
0.87
0.87
0.87
0.90
0.89
0.89
0.89
0.90
0.89
0.90
0.90
0.90
0.90
0.89
0.87
0.87
0.87
0.87
0.85
0.84
0.82
0.84
0.84
0.85
0.87
0.87
0.87
0.87
0.87
0.90
0.90
0.90
0.90
0.89
0.89
0.89
0.89
0.89
0.87
0.87
0.85
0.85
0.87
0.89
0.89
0.89
0.89
0.90
0.90
0.90
0.90
0.90
0.90
0.89
0.8
9
0.90
0.89
0.90
0.92
0.92
0.92
0.90
0.90
0.90
0.90
0.90
0.92
0.92
0.94
0.94
0.95
0.94
0.94
0.95
0.97
0.95
0.97
0.97
0.95
0.95
0.97
0.95
0.97
0.95
0.97
0.97
0.98
0.98
0.98
1.00
0.98
0.97
0.98
0.98
1.00
1.00
0.98
0.97
0.95
0.97
0.95
0.94
0.97
0.97
0.98
0.97
0.98
0.98
0.97
0.97
0.98
0.97
0.98
1.00
1.00
0.97
0.97
0.97
0.97
0.98
0.98
1.00
1.00
1.02
1.02
1.02
1.00
-
0.98
0.98
1.0
0
0.98
0.97
0.97
0.95
0.95
0.97
0.97
0.97
0.95
0.95
0.95
0.94
0.92
0.92
0.90
0.92
0.90
0.90
0.90
0.90
0.90
0.90
0.90
0.90
0.90
0.89
0.92
0.92
0.90
0.90
0.89
0.89
0.89
0.89
0.87
0.87
0.87
0.87
0.85
0.85
0.85
0.84
0.85
0.85
0.85
0.85
0.87
0.87
0.87
0.87
0.87
0.87
0.87
0.87
0.87
0.87
0.87
0.87
0.89
0.89
0.89
0.89
0.89
0.87
0.87
0.85
0.85
0.85
0.85
0.85
0.85
0.85
0.87
0.87
0.87
0.85
0.85
0.84
0.84
0.85
0.87
0.85
0.84
0.85
0.85
0.85
0.
84
0.84
0.84
0.84
0.84
0.84
0.85
0.85
0.87
0.89
0.89
0.87
0.87
0.85
0.87
0.87
0.87
0.89
0.87
0.8
5
0.85
0.85
0.82
0.84
0.82
0.82
0.85
0.85
0.84
0.84
0.84
0.82
0.82
0.82
0.82
0.82
0.82
0.84
0.84
0.84
0.82
0.82
0.84
0.82
0.82
0.82
0.82
0.82
0.82
0.82
0.82
0.82
0.84
0.84
0.84
0.84
0.85
0.85
0.84
0.82
0.85
0.84
0.85
0.85
0.85
0.85
0.85
0.85
0.85
0.85
0.87
0.84
0.85
0.87
0.85
0.82
0.82
0.82
0.84
0.84
0.84
0.82
0.84
0.81
0.82
0.81
0.81
0.82
0.82
0.82
0.84
0.84
0.84
0.82
0.82
0.82
0.82
0.82
0.82
0.84
0.84
0.84
0.84
0.82
0.81
0.81
0.79
0.82
0.81
0.81
0.81
-
0.81
0.84
0.85
0.87
0.87
0.87
0.87
0.85
0.85
0.87
0.89
0.87
0.87
0.87
0.89
0.90
0.89
0.89
0.90
0.94
0.95
0.95
0.95
0.94
0.94
0.95
0.95
0.94
0.92
0.92
0.90
0.90
0.90
0.89
0.89
0.92
0.92
0.92
0.90
0
.90
0.90
0.90
0.92
0.92
0.90
0.90
0.90
0.89
0.89
0.87
0.87
0.87
0.87
0.87
0.89
0.89
0.87
0.87
0.87
0.85
0.87
0.87
0.
87
0.87
0.87
0.87
0.87
0.87
0.87
0.89
0.87
0.87
0.85
0.87
0.89
0.
89
0.8
9
0.89
0.89
0.89
0.90
0.89
0.89
0.90
0.90
0.90
0.90
0.89
0.89
0.90
0.89
0.89
0.89
0.90
0.90
0.90
0.89
0.89
0.89
0.89
0.87
0.85
0.85
0.87
0.85
0.84
0.84
0.84
0.82
0.82
0.82
0.84
0.82
0.82
0.81
0.81
0.81
0.81
0.81
0.81
0.81
0.81
0.82
0.
82
0.82
0.82
0.82
0.81
0.82
0.82
0.82
0.82
0.82
0.82
0.84
0.84
0.84
0.85
0.84
0.84
0.84
0.84
0.82
0.84
0.82
0.82
0.82
0.82
0.84
0.82
0.82
0.82
0.84
0.84
0.84
0.82
0.
84
0.84
0.84
0.84
0.82
0.7
9
0.81
0.82
0.8
4
0.82
0.82
0.82
0.84
0.84
0.84
0.84
0.84
0.85
0.85
0.85
0.85
0.85
0.85
0.84
0.82
0.82
0.82
0.82
0.8
2
0.82
0.8
2
0.84
0.8
5
0.85
0.85
0.84
0.84
0.84
0.82
0.82
0.8
2
0.82
0.82
0.82
-
0.82
0.82
0.84
0.84
0.84
0.84
0.84
0.84
0.85
0.85
0.84
0.84
0.82
0.82
0.84
0.84
0.8
4
0.84
0.84
0.82
0.82
0.82
0.84
0.85
0.82
0.82
0.84
0.84
0.84
0.84
0.82
0.81
0.81
0.82
0.82
0.84
0.84
0.85
0.84
0.84
0.84
0.84
0.8
4
0.82
0.84
0.84
0.8
5
0.85
0.84
0.85
0.84
0.82
0.82
0.82
0.82
0.82
0.81
0.
82
0.82
0.82
0.81
0.82
0.81
0.79
0.81
0.81
0.81
0.81
0.81
0.81
0.81
0.81
0.82
0.82
0.82
0.
81
0.81
0.82
0.82
0.81
0.81
0.81
0.81
0.81
0.81
0.81
0.81
0.82
0.82
0.81
0.81
0.82
0.82
0.84
0.82
0.82
0.84
0.84
0.82
0.82
0.82
0.82
0.81
0.82
0.82
0.82
0.82
0.82
0.82
0.81
0.82
0.82
0.82
0.82
0.82
0.82
0.82
0.8
4
0.84
0.82
0.81
0.81
0.81
0.82
0.82
0.84
0.82
0.81
0.82
0.84
0.84
0.84
0.84
0.84
0.85
0.85
0.85
0.87
0.87
0.87
0.89
0.87
0.87
0.85
0.85
0.85
0.85
0.85
0.87
0.87
0.85
0.84
0.84
0.85
0.85
0.84
0.84
0.85
0.84
0.84
0.85
0.84
0.84
0.84
0.84
0.84
0.85
0.85
0.84
0.87
0.85
0.85
0.87
0.8
9
0.89
0.89
0.87
0.87
0.87
0.87
0.87
0.87
0.87
0.87
0.87
0.87
0.87
0.85
0.87
0.87
0.87
0.87
0.87
0.84
0.87
0.87
0.87
0.89
0.89
0.87
