-
0.73346
0.73723
0.75762
0.74002
0.74354
0.71618
0.73028
0.70823
0.68918
0.66793
0.66266
0.66862
0.65528
0.66429
0.67505
0.67464
0.66782
0.67254
0.67873
0.66994
0.67868
0.67476
0.69893
0.70389
0.69043
0.69332
0.70082
0.69617
0.68856
0.70154
0.65921
0.67547
0.64986
0.65567
0.65586
0.65756
0.63905
0.64159
0.63617
0.65333
0.64166
0.63658
0.62696
0.64855
0.64089
0.65364
0.65456
0.66376
0.65434
0.65939
0.62772
0.65426
0.6628
0.63638
0.62388
0.63252
0.59886
0.59415
0.59625
0.60514
0.60939
0.60535
0.59243
0.62029
0.62556
0.63746
0.65307
0.65891
0.68144
0.66096
0.67853
0.70264
0.71714
0.73195
0.71707
0.72712
0.7199
0.74582
0.74597
0.78223
0.7407
0.77075
0.74019
0.72622
0.73251
0.77499
0.7715
0.77055
0.77774
0.78396
0.78584
0.81604
0.79772
0.79574
0.80434
0.8365
0.83483
0.84884
0.83868
0.84165
0.82137
0.82967
0.85963
0.83679
0.8346
0.78484
0.8167
0.78193
0.77825
0.76581
0.76497
0.71229
0.76981
0.77072
0.75976
0.7885
0.78341
0.78668
0.8054
0.82403
0.80011
0.81524
0.83268
0.81257
0.81792
0.80771
0.8248
0.81967
0.83217
0.80551
0.79534
0.78773
0.80196
0.80432
0.77857
0.7887
0.77308
0.77127
0.77242
0.79054
0.80967
0.78657
0.79353
0.82622
0.81637
0.81005
0.79919
0.86241
0.82167
0.81086
0.80077
0.80006
0.7992
0.79501
0.77235
0.78013
0.76693
0.79084
0.76044
0.77253
0.77041
0.80886
0.79776
0.80453
0.82913
0.84843
0.86532
0.86828
0.85867
0.897
0.88515
0.88501
0.89889
0.89819
0.89318
0.89373
0.87926
0.8612
0.84513
0.86313
0.83574
0.8557
0.81926
0.81591
0.79633
0.76261
0.79117
0.76399
0.75066
0.7442
0.7559
0.7492
0.75701
0.7332
0.71343
0.74191
0.72653
0.70757
0.68802
0.65469
-
0.76912
0.76759
0.80066
0.80998
0.83008
0.81102
0.82402
0.83192
0.83721
0.8552
0.80738
0.83278
0.8209
0.81936
0.8026
0.80597
0.78965
0.77732
0.75221
0.76039
0.75138
0.75424
0.74941
0.70323
0.71558
0.72445
0.68409
0.73107
0.71744
0.73058
0.72154
0.75284
0.73079
0.75556
0.79061
0.7939
0.79638
0.82232
0.82937
0.82974
0.85069
0.85457
0.83528
0.86572
0.88047
0.86963
0.86029
0.87234
0.84826
0.83379
0.81881
0.79381
0.81179
0.80594
0.74596
0.78037
0.75365
0.72664
0.71941
0.73273
0.71128
0.72911
0.70533
0.69499
0.70802
0.73076
0.71581
0.72071
0.72895
0.74635
0.73497
0.77292
0.73933
0.77303
0.79673
0.78659
0.78063
0.79407
0.74933
0.76847
0.7569
0.7662
0.80157
0.76773
0.78168
0.78175
0.76266
0.76967
0.74717
0.75488
0.784
0.7599
0.76404
0.76081
0.76841
0.75348
0.74717
0.75457
0.7758
0.74677
0.76212
0.75325
0.74406
0.74122
0.72005
0.7407
0.70838
0.72544
0.70984
0.70793
0.68602
0.70777
0.73517
0.6944
0.68204
0.69017
0.67225
0.70433
0.69386
0.71433
0.69745
0.7298
0.7355
0.73706
0.76992
0.73516
0.75244
0.75587
0.81738
0.77397
0.7649
0.82216
0.76679
0.79671
0.76908
0.7912
0.75205
0.79414
0.76402
0.7808
0.73691
0.74627
0.69997
0.71584
0.71491
0.71316
0.70801
0.70016
0.72085
0.70882
0.70613
0.69824
0.6978
0.71367
0.70461
0.69529
0.70278
0.74035
0.71276
0.70775
0.70976
0.71321
0.73451
0.75885
0.74932
0.72786
0.76378
0.7838
0.73684
0.80471
0.76901
0.78923
0.80516
0.79371
0.80323
0.83325
0.85387
0.84515
0.83338
0.83259
0.84181
0.86966
0.86551
0.90175
0.89133
0.88166
0.87279
0.87088
0.89578
0.89812
0.85499
0.84201
0.85699
0.85696
0.86956
0.83865
0.85081
0.82003
0.8123
0.79502
-
0.68946
0.74921
0.72118
0.7401
0.76063
0.76369
0.76823
0.80175
0.77904
0.78053
0.79116
0.82515
0.81654
0.81099
0.82472
0.84347
0.84079
0.86012
0.86088
0.88578
0.85011
0.88373
0.88698
0.90509
0.90276
0.93299
0.91133
0.92424
0.89682
0.9225
0.93452
0.95938
0.94598
0.92209
0.91725
0.93889
0.93911
0.91845
0.9074
0.93112
0.90719
0.90435
0.90213
0.89343
0.8937
0.88751
0.88009
0.87142
0.88876
0.88539
0.85628
0.84813
0.87849
0.87516
0.855
0.89156
0.86317
0.87986
0.86675
0.90815
0.87834
0.91749
0.93049
0.91232
0.94282
0.91866
0.92073
0.9296
0.95346
0.9252
0.96478
0.97999
0.96346
0.96432
0.96472
0.94425
0.92074
0.90364
0.94692
0.89149
0.91705
0.88717
0.83409
0.82061
0.82656
0.77692
0.80702
0.77086
0.76687
0.73171
0.73124
0.70281
0.67118
0.67625
0.66168
0.6339
0.64561
0.61507
0.60424
0.62467
0.6321
0.63721
0.63527
0.66773
0.65159
0.70336
0.69137
0.71174
0.71438
0.72078
0.76301
0.76611
0.79411
0.7982
0.81998
0.80524
0.85475
0.82684
0.86339
0.85114
0.83902
0.88347
0.89201
0.86668
0.86123
0.86823
0.84819
0.84116
0.86446
0.85456
0.84799
0.81905
0.82199
0.8419
0.79991
0.80163
0.82441
0.84203
0.82665
0.79308
0.79403
0.80985
0.8015
0.82091
0.80792
0.82853
0.81315
0.82612
0.81115
0.79011
0.82771
0.88028
0.86114
0.8272
0.84584
0.84717
0.89019
0.88062
0.88747
0.86699
0.87539
0.87941
0.85491
0.87602
0.86258
0.85955
0.85347
0.87815
0.85362
0.84537
0.8453
0.82164
0.81724
0.80361
0.82456
0.82399
0.81694
0.8397
0.82931
0.8193
0.81374
0.80874
0.84047
0.80913
0.7796
0.83157
0.82677
0.81715
0.815
0.81104
0.82305
0.84049
0.80712
0.83069
0.81583
0.82537
0.82172
0.83117
0.8196
0.82088
-
0.89088
0.85729
0.87586
0.8806
0.85057
0.84517
0.81223
0.82541
0.80508
0.79255
0.77351
0.75559
0.75179
0.7484
0.72878
0.72628
0.70524
0.7204
0.69404
0.69565
0.69564
0.71381
0.70994
0.70697
0.71962
0.70816
0.709
0.67764
0.68963
0.708
0.67154
0.69022
0.68335
0.67702
0.6702
0.62963
0.62643
0.63219
0.62392
0.61015
0.59145
0.57707
0.57837
0.59421
0.55451
0.54351
0.5394
0.56212
0.52878
0.53161
0.52046
0.53025
0.51112
0.54354
0.53191
0.52135
0.53342
0.53177
0.52688
0.53453
0.53102
0.53479
0.53019
0.53181
0.52481
0.54081
0.52641
0.55008
0.5497
0.56678
0.56143
0.56118
0.58416
0.57872
0.59402
0.59813
0.58873
0.60385
0.63995
0.61927
0.62394
0.62391
0.64818
0.62876
0.6491
0.64321
0.61695
0.65228
0.62602
0.60023
0.59944
0.59345
0.56705
0.57771
0.56648
0.53542
0.52635
0.52787
0.51607
0.51515
0.53518
0.51664
0.5211
0.50925
0.51062
0.52051
0.53039
0.50405
0.52305
0.51609
0.51447
0.546
0.51434
0.52637
0.51355
0.52238
0.53225
0.52463
0.50683
0.50052
0.51399
0.51059
0.49677
0.50874
0.50601
0.49586
0.50808
0.50759
0.52558
0.52553
0.5215
0.52468
0.53192
0.55278
0.52861
0.55487
0.57026
0.5376
0.56287
0.54216
0.55175
0.53525
0.54652
0.5073
0.52974
0.50309
0.48732
0.47274
0.48126
0.46527
0.44265
0.43552
0.42774
0.40942
0.42566
0.41167
0.40975
0.42743
0.43264
0.41063
0.43595
0.42947
0.44683
0.44429
0.43847
0.46481
0.45425
0.48852
0.48868
0.46298
0.47771
0.49468
0.49937
0.51015
0.49686
0.48576
0.47215
0.48356
0.48083
0.47056
0.47449
0.48443
0.4829
0.47202
0.45684
0.4772
0.48767
0.47977
0.46383
0.46697
0.47794
0.48787
0.49644
0.49775
0.49242
0.50012
0.4934
0.47834
0.50456
0.50066
-
0.46167
0.47469
0.49061
0.48881
0.50183
0.50667
0.52923
0.54102
0.54789
0.6165
0.67513
0.71149
0.74777
0.7642
0.81473
0.8631
0.83996
0.83981
0.83149
0.7983
0.80711
0.7847
0.7977
0.74366
0.77371
0.75821
0.7726
0.8205
0.84468
0.85843
0.88021
0.89672
0.93673
0.93052
0.9475
0.95194
0.91397
0.89738
0.89544
0.86685
0.83787
0.81178
0.85924
0.79657
0.80131
0.80895
0.84375
0.86381
0.894
0.90534
0.90841
0.90495
0.91493
0.90352
0.89063
0.8558
0.84094
0.78493
0.77298
0.76895
0.71981
0.72424
0.72724
0.75046
0.75675
0.79661
0.82003
0.83582
0.83444
0.85676
0.86058
0.82955
0.87325
0.85371
0.81615
0.82593
0.76908
0.80206
0.76977
0.77035
0.75739
0.80446
0.82465
0.82197
0.86946
0.88951
0.92635
0.92732
0.98469
0.94946
0.96981
0.94994
0.91633
0.90998
0.88587
0.91767
0.88493
0.8808
0.91983
0.90914
0.92209
0.93679
0.98505
1.0036
1.0062
1.0247
1.0552
1.038
1.0152
1.0283
0.97705
0.97765
0.93172
0.90137
0.90543
0.89506
0.90621
0.91466
0.92046
0.94267
0.96139
0.97235
0.97839
0.98652
0.99271
0.98788
0.95808
0.95917
0.90807
0.8711
0.86917
0.82356
0.80689
0.77897
0.76077
0.7865
0.79358
0.77994
0.80163
0.82629
0.85128
0.85909
0.86502
0.84633
0.83622
0.83304
0.7843
0.76731
0.74592
0.72111
0.71233
0.68064
0.67472
0.69529
0.7498
0.73204
0.7762
0.77184
0.77419
0.82417
0.83883
0.84386
0.80671
0.82271
0.80335
0.78279
0.75009
0.76053
0.73974
0.72399
0.75062
0.73016
0.76169
0.7855
0.83433
0.85247
0.83429
0.86363
0.89562
0.87754
0.86948
0.86988
0.86289
0.82755
0.80506
0.77105
0.75451
0.75134
0.73246
0.75122
0.76842
0.7934
0.81361
0.85555
0.8821
0.90823
0.86716
0.89611
0.90242
0.87051
-
0.88391
0.87816
0.87326
0.90772
0.86057
0.87332
0.85337
0.85093
0.8634
0.86902
0.83942
0.84261
0.85274
0.83829
0.82191
0.82274
0.85123
0.82672
0.82042
0.81044
0.80076
0.80603
0.83523
0.81605
0.83565
0.80267
0.81795
0.82527
0.79539
0.76646
0.81103
0.77361
0.76767
0.80694
0.77644
0.78777
0.77956
0.78591
0.80384
0.82846
0.79144
0.82121
0.83076
0.81482
0.82693
0.84507
0.83144
0.83751
0.85702
0.83475
0.84841
0.83616
0.83482
0.8395
0.84109
0.79162
0.83067
0.83688
0.7905
0.79863
0.76772
0.77599
0.73798
0.78298
0.77442
0.75835
0.75915
0.74681
0.74923
0.72555
0.7294
0.73756
0.74108
0.73217
0.73504
0.78162
0.76251
0.75146
0.80691
0.81437
0.81454
0.81535
0.83858
0.86227
0.84667
0.86335
0.87129
0.87497
0.88901
0.88887
0.89574
0.89528
0.88851
0.9174
0.923
0.91722
0.89243
0.90521
0.91213
0.90415
0.91505
0.91094
0.90006
0.90979
0.88969
0.89741
0.90542
0.90154
0.88924
0.89677
0.90632
0.91423
0.86233
0.90518
0.88705
0.8755
0.86571
0.85595
0.87238
0.87493
0.83583
0.86099
0.81465
0.8403
0.82727
0.82397
0.81112
0.80411
0.82294
0.84342
0.80301
0.81543
0.82783
0.80157
0.82353
0.83689
0.83179
0.87494
0.8797
0.87191
0.87037
0.90607
0.87604
0.88754
0.88076
0.89516
0.90395
0.8835
0.88461
0.90686
0.91175
0.87662
0.88903
0.86715
0.85145
0.88069
0.85473
0.83963
0.85246
0.8499
0.80618
0.85276
0.83523
0.7949
0.81719
0.83267
0.80325
0.78111
0.81869
0.79744
0.82806
0.84169
0.82559
0.81999
0.83704
0.81232
0.84804
0.82392
0.83081
0.85716
0.86544
0.85989
0.86158
0.85528
0.84242
0.88067
0.87637
0.88057
0.85625
0.8793
0.88844
0.88561
0.88333
0.87236
0.88295
0.9015
0.89086
0.87573
0.89913
0.87698
-
0.76958
0.77621
0.7719
0.77284
0.76147
0.75238
0.73015
0.73551
0.69209
0.72256
0.75678
0.72141
0.77176
0.75729
0.7504
0.76163
0.77509
0.74953
0.80736
0.81153
0.79058
0.82509
0.82877
0.83568
0.88661
0.85254
0.86147
0.88476
0.88947
0.88548
0.87811
0.88663
0.91292
0.89245
0.86194
0.87625
0.88734
0.86722
0.83825
0.8214
0.77911
0.82823
0.79795
0.78936
0.78363
0.76479
0.76411
0.77448
0.77729
0.74199
0.76155
0.76996
0.76826
0.77961
0.81847
0.81043
0.8293
0.80597
0.80143
0.81764
0.84629
0.86152
0.83743
0.85148
0.85714
0.85218
0.84819
0.85094
0.86599
0.83671
0.85548
0.83003
0.85557
0.84837
0.80527
0.82159
0.81392
0.81911
0.81905
0.79432
0.8253
0.80856
0.80151
0.78391
0.77074
0.78358
0.77165
0.77451
0.78363
0.77952
0.80928
0.80918
0.82591
0.81383
0.79839
0.8301
0.83926
0.80327
0.83071
0.83667
0.85302
0.85842
0.83464
0.84721
0.85082
0.84526
0.82725
0.83583
0.78639
0.82498
0.80325
0.79157
0.79379
0.7959
0.79271
0.78092
0.79052
0.78304
0.80283
0.77927
0.78184
0.80789
0.78567
0.81116
0.8192
0.83176
0.80354
0.83269
0.85462
0.83685
0.83915
0.85071
0.85517
0.85846
0.86767
0.86824
0.82545
0.83431
0.86782
0.83621
0.82372
0.83742
0.83208
0.80726
0.83013
0.79175
0.8059
0.77733
0.77078
0.76629
0.76878
0.7589
0.75907
0.75448
0.74872
0.79497
0.78401
0.78758
0.75366
0.78429
0.78894
0.82557
0.82261
0.80173
0.83731
0.84719
0.84243
0.88061
0.84072
0.88092
0.87974
0.88436
0.90635
0.92221
0.88079
0.87087
0.86329
0.86579
0.84779
0.84948
0.85546
0.82206
0.8345
0.79509
0.80505
0.79249
0.79036
0.76348
0.76514
0.75378
0.76293
0.7575
0.75824
0.79581
0.79459
0.77482
0.80012
0.7969
0.77332
0.83711
-
0.92798
0.90156
0.92381
0.91022
0.90562
0.93974
0.90503
0.87694
0.89625
0.85861
0.87823
0.89518
0.87294
0.83963
0.87212
0.81963
0.85631
0.8524
0.83952
0.85276
0.86214
0.87211
0.87933
0.8639
0.85436
0.87491
0.8511
0.86017
0.87124
0.84003
0.85028
0.84334
0.8543
0.81529
0.82708
0.79983
0.7677
0.78186
0.78352
0.7491
0.78126
0.76181
0.76
0.74959
0.79238
0.81027
0.79985
0.826
0.83773
0.84812
0.85692
0.88254
0.87185
0.90433
0.88117
0.91449
0.88512
0.917
0.88372
0.90023
0.87139
0.86529
0.82964
0.81223
0.80057
0.81663
0.79589
0.78634
0.78566
0.773
0.77957
0.77965
0.76956
0.73188
0.77039
0.79617
0.77989
0.7925
0.83463
0.79363
0.82922
0.82301
0.82091
0.83153
0.80591
0.81787
0.8237
0.83153
0.8061
0.805
0.80704
0.81851
0.808
0.81408
0.78973
0.78159
0.80086
0.818
0.82774
0.8348
0.8381
0.8618
0.90514
0.87161
0.90341
0.92609
0.91866
0.9184
0.9273
0.9211
0.93699
0.90565
0.92005
0.89867
0.89726
0.87472
0.87499
0.83319
0.83018
0.81474
0.82357
0.818
0.75114
0.79779
0.77776
0.76246
0.7642
0.78356
0.76422
0.80899
0.782
0.78716
0.79533
0.77728
0.8141
0.83874
0.80298
0.83767
0.85329
0.80219
0.85739
0.83709
0.83912
0.81215
0.80767
0.81451
0.8189
0.83855
0.83111
0.80873
0.83086
0.82714
0.84186
0.82874
0.84284
0.86659
0.84826
0.8965
0.9051
0.89407
0.92672
0.90683
0.92409
0.93496
0.93468
0.9291
0.91004
0.94976
0.90059
0.93306
0.88368
0.86229
0.86023
0.85146
0.8403
0.84415
0.85192
0.79877
0.8227
0.8013
0.83227
0.80512
0.84239
0.8175
0.87104
0.83065
0.8449
0.84397
0.84326
0.86254
0.85046
0.87437
0.91537
0.87579
0.86905
0.87848
0.87521
0.84149
0.8491
0.81888
-
0.8842
0.87631
0.87739
0.86508
0.89704
0.91812
0.93375
0.96688
0.93124
0.91208
0.94522
0.95858
0.93025
0.91864
0.93113
0.919
0.91057
0.93169
0.90808
0.90365
0.87909
0.89138
0.87254
0.86933
0.8866
0.86558
0.86694
0.88519
0.90424
0.85966
0.86434
0.87135
0.83892
0.85444
0.86085
0.85292
0.84441
0.83716
0.86438
0.85197
0.84566
0.8402
0.86091
0.85154
0.83951
0.87221
0.85002
0.89377
0.90553
0.91869
0.9209
0.8955
0.95232
0.92984
0.92367
0.96651
0.94951
0.94321
0.95924
0.9464
0.94811
0.94874
0.96305
0.94011
0.91579
0.84394
0.91448
0.87527
0.8454
0.87538
0.86203
0.86424
0.84709
0.84305
0.85804
0.85175
0.83643
0.85444
0.86456
0.85945
0.89773
0.87259
0.87083
0.89917
0.89325
0.91421
0.90778
0.91689
0.93406
0.93138
0.96405
0.93196
0.92648
0.94925
0.9306
0.92213
0.89215
0.92215
0.90515
0.88147
0.85392
0.87601
0.87199
0.83191
0.84307
0.83198
0.83332
0.84583
0.84514
0.84814
0.81722
0.83188
0.84494
0.81974
0.82494
0.84473
0.85571
0.84675
0.82236
0.86744
0.84558
0.83178
0.86023
0.83792
0.81058
0.84049
0.84709
0.81323
0.8423
0.83882
0.8549
0.8494
0.8201
0.85944
0.8361
0.83496
0.83522
0.86418
0.83938
0.83159
0.86475
0.858
0.8509
0.81551
0.86533
0.86028
0.87155
0.85972
0.86421
0.84733
0.82529
0.83959
0.84524
0.80567
0.82477
0.85387
0.84711
0.83214
0.83444
0.83645
0.83099
0.81824
0.83772
0.8466
0.87592
0.83701
0.83746
0.84094
0.85912
0.85585
0.8355
0.84277
0.85095
0.86221
0.81299
0.81248
0.83802
0.82015
0.78737
0.7983
0.77866
0.79449
0.76237
0.79814
0.79061
0.79523
0.77778
0.80231
0.78041
0.80852
0.81721
0.8376
0.81987
0.83548
0.85686
0.88407
0.85702
0.87436
0.88502
0.90029
-
0.71251
0.71955
0.77506
0.77004
0.74475
0.77719
0.79553
0.81956
0.83431
0.85817
0.85737
0.84602
0.85397
0.90221
0.89943
0.89289
0.91452
0.90323
0.90359
0.93975
0.92511
0.89711
0.91734
0.89552
0.892
0.88723
0.90556
0.88003
0.85919
0.88913
0.86793
0.86499
0.86151
0.85446
0.84799
0.85076
0.82741
0.86486
0.84245
0.83622
0.84811
0.84958
0.85024
0.82461
0.88049
0.84933
0.86853
0.84448
0.86903
0.90147
0.88075
0.89395
0.89162
0.93644
0.91083
0.90902
0.92438
0.93505
0.93765
0.95479
0.94249
0.89594
0.94774
0.90647
0.92139
0.87847
0.86614
0.8747
0.8578
0.85014
0.85751
0.84614
0.78635
0.78402
0.80472
0.7694
0.80139
0.77032
0.76629
0.77239
0.76621
0.7951
0.76286
0.77936
0.78636
0.82716
0.81935
0.83156
0.83615
0.82516
0.85849
0.85981
0.89594
0.88808
0.93056
0.91323
0.92187
0.93223
0.93707
0.91929
0.91468
0.94887
0.93057
0.96183
0.93521
0.91054
0.89631
0.89555
0.89044
0.88223
0.86297
0.8869
0.83566
0.8142
0.82095
0.80385
0.77055
0.79886
0.77145
0.77043
0.80751
0.76794
0.76161
0.75677
0.73111
0.77888
0.79373
0.77537
0.77568
0.81166
0.81109
0.80799
0.83345
0.84176
0.82936
0.84242
0.89011
0.87187
0.85035
0.91016
0.87157
0.90627
0.87692
0.88769
0.88848
0.89765
0.87041
0.87671
0.90967
0.86536
0.86789
0.86404
0.90302
0.85355
0.83744
0.83243
0.85601
0.8496
0.84787
0.83299
0.82109
0.83392
0.83613
0.83431
0.84502
0.81883
0.8392
0.8327
0.84177
0.84693
0.83477
0.8518
0.84511
0.82998
0.86687
0.88902
0.86847
0.89245
0.89461
0.88488
0.89568
0.88969
0.89304
0.90966
0.88208
0.87536
0.91427
0.8721
0.86152
0.85547
0.88619
0.826
0.82005
0.8321
0.80947
0.77053
0.79479
0.76721
0.76685
0.75598
-
0.74155
0.71293
0.72117
0.70396
0.72684
0.69508
0.71079
0.69962
0.71235
0.70591
0.73228
0.70171
0.72718
0.72448
0.73115
0.74576
0.74256
0.75335
0.74062
0.75793
0.77255
0.76972
0.74483
0.76518
0.7681
0.73994
0.76081
0.72349
0.7515
0.75428
0.7257
0.74325
0.72375
0.76538
0.76204
0.76199
0.78996
0.77337
0.78063
0.80375
0.7882
0.8197
0.80314
0.83291
0.85424
0.85016
0.89043
0.87826
0.90382
0.89669
0.90905
0.90403
0.88112
0.88053
0.90761
0.85536
0.85725
0.86828
0.8274
0.83908
0.83407
0.82059
0.81034
0.80623
0.79388
0.77123
0.7396
0.7348
0.76841
0.72891
0.74457
0.73182
0.75313
0.74936
0.75479
0.76969
0.74386
0.78414
0.758
0.7667
0.79984
0.76867
0.80706
0.78735
0.8016
0.81806
0.80122
0.77186
0.80104
0.7922
0.80361
0.79252
0.78166
0.78621
0.77972
0.7612
0.78727
0.78277
0.79916
0.79375
0.762
0.80121
0.7658
0.76434
0.79334
0.81436
0.82229
0.80757
0.81341
0.82265
0.81831
0.8282
0.8463
0.81698
0.86124
0.86336
0.86334
0.81189
0.83602
0.8463
0.83354
0.87823
0.82866
0.82916
0.82346
0.81241
0.84946
0.79815
0.82874
0.82523
0.81535
0.81923
0.82944
0.82079
0.84345
0.86611
0.86893
0.86155
0.88742
0.86918
0.89259
0.91449
0.89338
0.89864
0.93724
0.9348
0.93451
0.88304
0.91296
0.90179
0.91676
0.90092
0.87255
0.88092
0.86556
0.85881
0.86045
0.81691
0.82534
0.85533
0.79772
0.80013
0.81132
0.80775
0.78342
0.78314
0.76874
0.77791
0.78642
0.77496
0.7948
0.77567
0.78855
0.81987
0.80506
0.79203
0.81335
0.80771
0.81322
0.81252
0.82646
0.79652
0.79096
0.7865
0.81391
0.78334
0.81413
0.77886
0.80071
0.76034
0.77644
0.8004
0.78436
0.79905
0.78127
0.78102
0.77843
0.78848
0.81034
0.82427
-
0.86574
0.84935
0.84429
0.83797
0.83699
0.8251
0.83226
0.8402
0.83922
0.82454
0.83262
0.82086
0.79408
0.81024
0.80994
0.80756
0.79428
0.7978
0.81343
0.77641
0.78847
0.78992
0.77922
0.76612
0.79519
0.81039
0.79118
0.79275
0.82002
0.80596
0.79588
0.77941
0.78988
0.77534
0.78231
0.78663
0.78418
0.76801
0.76687
0.80935
0.78599
0.7886
0.82528
0.79918
0.82894
0.81377
0.80805
0.81206
0.83178
0.83487
0.81758
0.8217
0.82941
0.82971
0.81454
0.83728
0.8472
0.80894
0.82994
0.83125
0.82727
0.85235
0.80096
0.82955
0.83122
0.81995
0.83642
0.79993
0.7942
0.77562
0.80036
0.77805
0.78361
0.77167
0.78979
0.80546
0.76643
0.75915
0.77768
0.78171
0.77678
0.78901
0.77819
0.76648
0.78313
0.76006
0.77121
0.7755
0.79109
0.78975
0.76782
0.79726
0.78034
0.80332
0.79643
0.77359
0.80767
0.76505
0.76938
0.79926
0.77979
0.79851
0.78064
0.79551
0.78693
0.76035
0.7674
0.77569
0.78253
0.76792
0.8143
0.80165
0.79402
0.81234
0.79798
0.8072
0.80505
0.80062
0.85708
0.81234
0.82234
0.83759
0.8153
0.81231
0.8492
0.83115
0.81027
0.82134
0.82598
0.82395
0.8259
0.81036
0.82095
0.80472
0.80794
0.81613
0.83011
0.8284
0.78614
0.82391
0.78488
0.80899
0.80485
0.79851
0.78888
0.77724
0.78119
0.80047
0.7944
0.80518
0.79179
0.7732
0.77109
0.7833
0.80972
0.79813
0.81026
0.79028
0.79918
0.82134
0.80424
0.82442
0.80164
0.80015
0.80807
0.79583
0.82333
0.83072
0.82878
0.81495
0.79732
0.84257
0.82604
0.84209
0.82952
0.82831
0.80864
0.84349
0.86898
0.83303
0.84693
0.84858
0.86885
0.82496
0.83084
0.85293
0.85391
0.85101
0.8601
0.87001
0.84809
0.83432
0.86662
0.79678
0.83412
0.80848
0.81408
0.81391
0.80903
0.80959
-
0.89538
0.9168
0.93484
0.93924
0.92596
0.93028
0.92115
0.92712
0.91896
0.92094
0.91723
0.9021
0.95209
0.91448
0.94304
0.93027
0.92201
0.95048
0.9227
0.92795
0.92536
0.91328
0.95196
0.90275
0.92614
0.90527
0.90243
0.88607
0.88079
0.89186
0.85626
0.87456
0.86709
0.90056
0.91853
0.90359
0.90971
0.89675
0.91756
0.92764
0.93694
0.91373
0.92527
0.93193
0.91842
0.89769
0.90023
0.88366
0.8691
0.8509
0.87065
0.86921
0.86266
0.86548
0.82326
0.88676
0.87819
0.88188
0.86784
0.87087
0.88359
0.84749
0.85678
0.88105
0.85731
0.8646
0.8785
0.85952
0.86138
0.90067
0.86063
0.87295
0.89027
0.901
0.89493
0.92366
0.88682
0.9148
0.94821
0.90707
0.93624
0.89865
0.92761
0.94652
0.92818
0.92064
0.88244
0.87987
0.86445
0.83835
0.86984
0.86394
0.85683
0.85456
0.83884
0.84889
0.83566
0.84802
0.88701
0.86554
0.89338
0.91622
0.90548
0.90106
0.92724
0.9571
0.9374
0.90839
0.91941
0.93163
0.95958
0.91557
0.91504
0.93043
0.94227
0.93812
0.94068
0.93495
0.96547
0.95969
0.94475
0.95545
0.93348
0.94662
0.91865
0.92458
0.92934
0.90287
0.9092
0.87846
0.8991
0.87935
0.87693
0.84092
0.87065
0.89146
0.86242
0.88992
0.88894
0.90561
0.92814
0.92876
0.98048
0.97269
0.94931
0.99458
0.95003
0.9696
0.98201
0.98592
0.95518
0.95253
0.9467
0.96633
0.94144
0.9596
0.92937
0.94392
0.96548
0.95044
0.94038
0.94265
0.96004
0.9728
0.97628
0.96671
0.95109
0.98314
0.94855
0.94869
0.94576
0.92977
0.93384
0.94289
0.94557
0.92051
0.93389
0.91829
0.93251
0.98331
0.98185
0.9799
0.99747
1.0171
1.0119
1.031
1.0383
1.027
1.048
1.017
1.0232
1.0342
1.0222
1.0069
0.9911
0.98824
0.98588
1.0249
0.98233
1.0024
-
0.95473
0.97065
0.98618
0.96182
0.98376
0.97062
0.95524
0.97585
0.99684
0.96954
0.99539
0.96222
0.96495
0.96716
0.93519
0.96545
0.95297
0.938
0.94051
0.93536
0.94184
0.95563
0.92207
0.96633
0.93461
0.93948
0.91813
0.94379
0.91446
0.93561
0.93
0.96837
0.92332
0.94766
0.91584
0.95436
0.94257
0.94013
0.93887
0.939
0.9294
0.93059
0.93402
0.93303
0.92298
0.9272
0.93333
0.91564
0.91586
0.89266
0.89863
0.90827
0.84122
0.89613
0.86861
0.86318
0.86748
0.84691
0.84433
0.84732
0.86175
0.84043
0.8739
0.81808
0.84094
0.82989
0.82803
0.85182
0.84498
0.85539
0.83551
0.83323
0.85096
0.84183
0.8215
0.8188
0.81202
0.8234
0.8272
0.82736
0.8142
0.84789
0.80748
0.84046
0.82206
0.81695
0.82208
0.85474
0.82176
0.84935
0.82954
0.80611
0.85537
0.83542
0.82805
0.82542
0.85293
0.86094
0.86658
0.82819
0.86081
0.84868
0.8525
0.84911
0.86406
0.85711
0.82546
0.87309
0.87072
0.8609
0.85721
0.86785
0.86255
0.84245
0.83762
0.86571
0.84172
0.82864
0.79188
0.7766
0.80445
0.779
0.82285
0.78036
0.79309
0.78819
0.77363
0.77039
0.75191
0.76854
0.75573
0.79429
0.75263
0.76521
0.76584
0.744
0.77223
0.77373
0.77515
0.75995
0.78528
0.80323
0.77611
0.78764
0.77479
0.80001
0.80086
0.79407
0.79205
0.78456
0.77998
0.79916
0.80896
0.81779
0.79451
0.79009
0.81287
0.78638
0.80027
0.81088
0.79966
0.78896
0.78769
0.78477
0.80237
0.77267
0.82083
0.79848
0.80573
0.81457
0.80679
0.80695
0.8244
0.80203
0.8337
0.81561
0.82457
0.81685
0.82096
0.82373
0.82432
0.79479
0.79414
0.79893
0.80138
0.77966
0.78159
0.76547
0.76039
0.77187
0.77613
0.74105
0.73677
0.73109
0.71157
0.7272
0.7249
0.71473
0.70518
0.6993
-
0.82027
0.84723
0.8448
0.85817
0.88474
0.8467
0.9192
0.91817
0.90037
0.97083
0.93699
0.93562
0.95
0.93457
0.95947
0.97085
0.97616
0.93553
0.98708
0.95964
0.97172
0.96358
0.93119
0.96163
0.94652
0.96042
0.94798
0.95844
0.92934
0.93543
0.9654
0.92731
0.92078
0.92895
0.92262
0.90549
0.89084
0.9182
0.91461
0.86568
0.8986
0.89993
0.91102
0.89804
0.8976
0.90011
0.90061
0.90118
0.90257
0.90942
0.893
0.91734
0.93662
0.93952
0.93599
0.94085
0.96274
0.98495
0.98128
0.96034
0.98977
0.98829
0.97778
0.99505
0.99538
1.006
1.0158
1.043
1.0054
1.028
1.0332
0.99911
0.98692
1.0319
1.0263
1.0118
1.0052
1.007
0.99147
1.0023
0.98059
0.96898
0.95822
0.93922
0.92723
0.94221
0.89845
0.92042
0.88703
0.93776
0.87813
0.87523
0.8613
0.87429
0.87469
0.8495
0.86859
0.85309
0.84503
0.83279
0.84141
0.86986
0.8742
0.84245
0.88576
0.85377
0.86741
0.90401
0.85688
0.88081
0.88552
0.89952
0.93538
0.92522
0.91978
0.92552
0.91722
0.93598
0.92592
0.93206
0.89709
0.90807
0.89633
0.90558
0.90145
0.9049
0.88522
0.89141
0.85733
0.86619
0.86469
0.82957
0.84109
0.82407
0.81402
0.82265
0.81814
0.77201
0.75993
0.75587
0.74581
0.75162
0.7679
0.74696
0.74921
0.74935
0.73015
0.74493
0.77024
0.75613
0.77015
0.78214
0.77659
0.76554
0.78399
0.77419
0.81806
0.79245
0.78875
0.79243
0.79298
0.8049
0.81834
0.81349
0.84328
0.82365
0.82117
0.81926
0.82702
0.82072
0.83629
0.82525
0.85309
0.81871
0.81327
0.82831
0.82209
0.84024
0.82784
0.79105
0.76985
0.77419
0.81006
0.81113
0.8057
0.77119
0.81495
0.77625
0.79314
0.79384
0.7612
0.80236
0.73285
0.73986
0.78248
0.76161
0.73255
0.73855
0.74458
0.75139
-
0.84487
0.86781
0.88754
0.86537
0.90106
0.88919
0.89491
0.8479
0.8634
0.883
0.82472
0.84489
0.81387
0.82925
0.84555
0.80968
0.83413
0.79484
0.79437
0.78991
0.79231
0.77458
0.76283
0.78602
0.77625
0.77557
0.76904
0.78244
0.80432
0.82756
0.82039
0.7947
0.8318
0.80089
0.82859
0.81533
0.81301
0.82248
0.84319
0.81723
0.81287
0.8042
0.80191
0.8095
0.81304
0.75782
0.77531
0.76756
0.78112
0.74549
0.76952
0.73195
0.75965
0.75353
0.75098
0.74592
0.76052
0.75638
0.74567
0.7775
0.78783
0.78351
0.83682
0.83258
0.83851
0.83301
0.83587
0.88379
0.87027
0.87626
0.8684
0.88985
0.86937
0.88812
0.86576
0.85267
0.86294
0.84504
0.85989
0.80968
0.80047
0.78634
0.78647
0.77826
0.71411
0.73822
0.72714
0.68457
0.66926
0.68642
0.67642
0.67528
0.68202
0.68719
0.66896
0.71381
0.68919
0.67936
0.69704
0.70549
0.7119
0.74844
0.74904
0.77297
0.78402
0.78537
0.80619
0.8029
0.82369
0.81408
0.86069
0.81525
0.84244
0.88207
0.85049
0.8388
0.86599
0.84668
0.82283
0.82938
0.84231
0.84252
0.85296
0.81211
0.79839
0.82529
0.82298
0.80652
0.80085
0.80621
0.83001
0.80973
0.80609
0.82618
0.82324
0.82001
0.86693
0.86363
0.86125
0.88142
0.86845
0.89662
0.88351
0.87938
0.90116
0.90373
0.85517
0.86892
0.86629
0.8758
0.8683
0.84747
0.82408
0.83868
0.85439
0.80997
0.81754
0.81952
0.79979
0.79251
0.78836
0.81244
0.80071
0.7767
0.77291
0.78934
0.81966
0.8134
0.82378
0.83541
0.8434
0.83761
0.86946
0.89621
0.90877
0.9048
0.93272
0.94884
0.94079
0.92768
0.97319
0.97138
0.9522
0.96399
0.92574
0.92188
0.95701
0.9526
0.91901
0.913
0.89803
0.9112
0.87083
0.85635
0.82865
0.83279
0.81154
0.79618
0.82898
0.78192
-
0.8389
0.81173
0.83122
0.81362
0.79051
0.7743
0.73279
0.73799
0.74955
0.72247
0.7201
0.75738
0.7506
0.74467
0.74326
0.73483
0.76948
0.75949
0.76988
0.77588
0.77122
0.81694
0.81492
0.83029
0.86409
0.85597
0.85447
0.85765
0.87143
0.8887
0.87044
0.88299
0.88196
0.87438
0.88822
0.87097
0.85493
0.89615
0.82465
0.85207
0.8347
0.8612
0.84743
0.84583
0.83784
0.85254
0.84911
0.8546
0.88029
0.86516
0.88208
0.899
0.89178
0.89423
0.89842
0.8909
0.90334
0.89974
0.8974
0.90746
0.89547
0.88829
0.85901
0.85543
0.85618
0.84824
0.82326
0.82781
0.83921
0.80427
0.79049
0.79663
0.77117
0.76931
0.74634
0.73837
0.72949
0.78318
0.74667
0.75352
0.76643
0.77897
0.78087
0.80024
0.78932
0.83188
0.80612
0.78852
0.80759
0.79754
0.80579
0.81296
0.80081
0.82453
0.80292
0.79943
0.78968
0.79494
0.77889
0.77132
0.7643
0.75565
0.74205
0.78349
0.74329
0.76479
0.74661
0.76947
0.79454
0.76923
0.83508
0.79377
0.8162
0.83686
0.84412
0.83545
0.86011
0.88165
0.87169
0.85868
0.8881
0.88986
0.90515
0.87468
0.85982
0.86106
0.87119
0.86021
0.86445
0.84326
0.86089
0.83335
0.80421
0.84066
0.82975
0.81922
0.82141
0.79107
0.80223
0.79865
0.82495
0.81515
0.83863
0.85587
0.84562
0.85874
0.85502
0.84516
0.85396
0.85571
0.85882
0.86351
0.83365
0.84755
0.84545
0.82922
0.83673
0.79256
0.7762
0.78679
0.76243
0.77471
0.76934
0.7317
0.738
0.72204
0.70581
0.70282
0.73015
0.72475
0.71981
0.74702
0.72769
0.7631
0.79822
0.79306
0.77907
0.81473
0.80917
0.82625
0.84463
0.83173
0.81376
0.84078
0.82984
0.81722
0.82467
0.82092
0.83902
0.81054
0.78094
0.81182
0.77425
0.78133
0.77381
0.74656
0.74728
0.7455
0.74286
0.71597
-
0.30571
0.33611
0.36055
0.36759
0.38502
0.40368
0.39274
0.42011
0.43697
0.43786
0.46357
0.47915
0.47266
0.48761
0.49837
0.49675
0.50797
0.5431
0.53951
0.55968
0.57345
0.59355
0.59054
0.60256
0.60795
0.64873
0.64053
0.65724
0.66397
0.69915
0.64502
0.67024
0.68773
0.68733
0.71173
0.71758
0.7285
0.70875
0.72426
0.70322
0.70078
0.70588
0.67976
0.66415
0.65267
0.6212
0.61544
0.615
0.60915
0.59942
0.60331
0.56782
0.58257
0.58096
0.56336
0.57178
0.58171
0.57394
0.59673
0.61077
0.58926
0.61802
0.6361
0.63743
0.62552
0.63416
0.66222
0.68069
0.68932
0.70607
0.70332
0.6968
0.69988
0.72276
0.71851
0.71586
0.72898
0.73221
0.70794
0.72416
0.71056
0.70592
0.72368
0.71813
0.71193
0.71868
0.71477
0.74891
0.71311
0.73134
0.71511
0.72473
0.72842
0.71974
0.71837
0.68007
0.6811
0.70214
0.66278
0.66453
0.67346
0.66754
0.6533
0.62582
0.63758
0.63949
0.60392
0.61506
0.60167
0.59956
0.57604
0.58069
0.58015
0.58667
0.58567
0.60645
0.59483
0.62393
0.64005
0.64431
0.66341
0.65546
0.68052
0.67744
0.70782
0.70826
0.71838
0.6852
0.71976
0.733
0.72626
0.70383
0.73781
0.72672
0.69569
0.716
0.71276
0.68924
0.69828
0.70235
0.69859
0.69766
0.6926
0.66817
0.65362
0.6691
0.6553
0.66249
0.63793
0.68374
0.67127
0.66471
0.67417
0.66304
0.66185
0.65798
0.66054
0.66669
0.66178
0.65293
0.65381
0.64225
0.59954
0.63139
0.62283
0.63256
0.63231
0.6314
0.65891
0.66307
0.66277
0.66424
0.67253
0.6804
0.68706
0.71674
0.72062
0.7321
0.71682
0.74768
0.73328
0.75162
0.76679
0.77416
0.79814
0.78701
0.79932
0.80669
0.8014
0.79382
0.78663
0.77181
0.76469
0.75508
0.72022
0.70002
0.69636
0.71955
0.69842
0.68267
-
0.61828
0.5997
0.59293
0.59514
0.63088
0.60622
0.59063
0.59734
0.5962
0.61952
0.59767
0.61484
0.60832
0.62139
0.63483
0.64648
0.66485
0.68305
0.68961
0.71348
0.717
0.72122
0.75281
0.77662
0.77974
0.81334
0.77604
0.82124
0.81844
0.80944
0.81269
0.79877
0.784
0.76676
0.78651
0.76357
0.77525
0.73245
0.7076
0.69823
0.70056
0.66536
0.66805
0.67672
0.6603
0.67199
0.66144
0.66193
0.69206
0.66974
0.72668
0.74531
0.75778
0.75184
0.78102
0.7894
0.81753
0.86362
0.83259
0.86101
0.85036
0.86138
0.86278
0.85982
0.85194
0.84508
0.86446
0.81876
0.82508
0.81578
0.79704
0.77125
0.79868
0.78081
0.79694
0.74869
0.7693
0.77005
0.76334
0.78556
0.79812
0.80666
0.80768
0.83158
0.84615
0.84783
0.86419
0.86338
0.86853
0.87698
0.85983
0.87481
0.87434
0.87596
0.86648
0.83961
0.82406
0.77389
0.78198
0.76295
0.78733
0.74202
0.72478
0.72726
0.69106
0.6954
0.69016
0.70982
0.67085
0.6976
0.68531
0.70325
0.69032
0.71039
0.73785
0.74149
0.72428
0.7404
0.75973
0.75633
0.7605
0.76221
0.77939
0.81046
0.79785
0.80297
0.79212
0.79138
0.79459
0.81023
0.79252
0.79674
0.77754
0.77373
0.79156
0.77691
0.76368
0.74437
0.76282
0.73246
0.69598
0.70963
0.69944
0.67129
0.64955
0.62854
0.61534
0.61655
0.59745
0.58369
0.5856
0.59098
0.57796
0.57636
0.59337
0.63013
0.61842
0.62069
0.6684
0.67238
0.68764
0.69282
0.72772
0.74106
0.75605
0.78409
0.80204
0.79379
0.79627
0.81165
0.79685
0.79447
0.78284
0.75119
0.74379
0.72671
0.7313
0.68521
0.68165
0.66304
0.66908
0.63111
0.64404
0.62233
0.62142
0.63816
0.62847
0.66466
0.63749
0.63674
0.67125
0.68822
0.71302
0.692
0.72221
0.72119
0.73534
0.75747
0.75148
0.75338
-
0.64522
0.67072
0.6697
0.71603
0.69159
0.7139
0.73799
0.72813
0.75284
0.76194
0.76122
0.78032
0.77209
0.78155
0.79339
0.78638
0.77604
0.76172
0.77737
0.76474
0.76608
0.74596
0.73242
0.72594
0.72904
0.72981
0.70974
0.7011
0.69973
0.7082
0.70933
0.69705
0.67681
0.7034
0.70718
0.72381
0.69021
0.71563
0.7185
0.71349
0.68994
0.73844
0.72495
0.73795
0.74479
0.74705
0.7427
0.74198
0.76223
0.76102
0.75382
0.78053
0.77792
0.76342
0.7571
0.74449
0.72866
0.77888
0.76837
0.76388
0.76916
0.77315
0.77585
0.75212
0.75636
0.78795
0.75618
0.7493
0.76236
0.77984
0.74337
0.77451
0.75283
0.78462
0.77884
0.76094
0.78291
0.78671
0.78823
0.79889
0.8106
0.80157
0.83572
0.77082
0.81486
0.80908
0.83613
0.81658
0.78476
0.78957
0.78154
0.79181
0.77341
0.75716
0.76945
0.77745
0.75003
0.75337
0.75285
0.75381
0.7378
0.71501
0.72229
0.72654
0.71771
0.7105
0.70429
0.70617
0.71954
0.75912
0.7269
0.73822
0.74874
0.7415
0.74632
0.74636
0.74604
0.75427
0.7501
0.76655
0.77895
0.76073
0.74966
0.76645
0.76662
0.78402
0.78815
0.79155
0.78332
0.78923
0.77645
0.77053
0.75632
0.75738
0.74546
0.7551
0.7682
0.75199
0.74877
0.7697
0.7232
0.73732
0.74826
0.73125
0.73309
0.72646
0.72885
0.73352
0.73531
0.7218
0.72924
0.70261
0.72347
0.72049
0.72789
0.72857
0.71603
0.71021
0.68741
0.70291
0.72935
0.69148
0.69859
0.66802
0.69522
0.70469
0.69409
0.66603
0.68358
0.68378
0.68794
0.64312
0.64566
0.65423
0.68797
0.67241
0.69368
0.67474
0.66868
0.68484
0.67114
0.70187
0.69677
0.69217
0.70402
0.68526
0.72442
0.74401
0.75668
0.75299
0.76302
0.76045
0.76725
0.78058
0.77916
0.76336
0.78962
0.78679
0.78745
0.77531
-
0.81669
0.81166
0.84027
0.84002
0.86036
0.84887
0.87807
0.86923
0.89585
0.86633
0.87003
0.88018
0.86953
0.85521
0.81788
0.81197
0.78639
0.75915
0.75164
0.72706
0.70727
0.68258
0.67345
0.69348
0.65146
0.65321
0.6626
0.6747
0.66948
0.66273
0.71127
0.70859
0.71736
0.76379
0.7411
0.7771
0.79664
0.79587
0.79696
0.83371
0.82971
0.82792
0.83338
0.82025
0.81067
0.80997
0.79344
0.78379
0.7724
0.75033
0.7548
0.75486
0.71044
0.72526
0.71205
0.71509
0.7118
0.69243
0.70007
0.71027
0.69655
0.73773
0.73027
0.74469
0.75115
0.79041
0.81729
0.79259
0.79935
0.82407
0.80639
0.78947
0.79494
0.77318
0.74732
0.74554
0.7317
0.7252
0.72643
0.66625
0.66671
0.66498
0.62739
0.61666
0.62881
0.62398
0.61989
0.62769
0.62566
0.64194
0.65327
0.66276
0.6646
0.68248
0.68806
0.69593
0.70674
0.72068
0.73343
0.72635
0.74613
0.72044
0.73747
0.74857
0.73437
0.72477
0.68285
0.67337
0.6701
0.67657
0.64693
0.64384
0.64052
0.61909
0.6537
0.66504
0.66659
0.66808
0.67189
0.67484
0.68404
0.72772
0.72642
0.75397
0.78441
0.81229
0.82187
0.82162
0.8442
0.85321
0.81002
0.84151
0.81453
0.84379
0.84144
0.78413
0.78807
0.77803
0.72584
0.72824
0.71944
0.6991
0.68872
0.65593
0.66063
0.64923
0.66688
0.64131
0.65742
0.64215
0.65745
0.64934
0.68412
0.69142
0.69041
0.73341
0.7343
0.76406
0.77929
0.77199
0.76243
0.76673
0.75641
0.79021
0.75913
0.75646
0.72794
0.71393
0.67425
0.69184
0.67577
0.66498
0.63755
0.6112
0.61559
0.62983
0.60683
0.6074
0.60517
0.61543
0.61176
0.63319
0.65041
0.66641
0.65456
0.68826
0.70424
0.73168
0.72935
0.7393
0.74762
0.75566
0.73451
0.75103
0.7304
0.70031
0.71817
0.7083
0.70367
0.66635
-
0.73144
0.72168
0.7682
0.77314
0.75407
0.76031
0.76279
0.7792
0.77273
0.77982
0.79383
0.80145
0.8268
0.79001
0.79228
0.7932
0.76764
0.76492
0.77243
0.77556
0.76637
0.75767
0.73429
0.74191
0.75788
0.7415
0.74414
0.72816
0.73481
0.75005
0.74047
0.76515
0.72087
0.7339
0.74723
0.73498
0.73321
0.73299
0.73779
0.7424
0.70034
0.69975
0.69246
0.67697
0.68238
0.64792
0.67453
0.64425
0.64763
0.63974
0.63332
0.61772
0.641
0.6199
0.65916
0.64935
0.6552
0.67273
0.64294
0.67553
0.66286
0.66713
0.68465
0.66592
0.67399
0.66738
0.63919
0.62678
0.65017
0.63384
0.62185
0.61246
0.6039
0.6139
0.61036
0.6108
0.60052
0.58678
0.57365
0.60183
0.58801
0.59677
0.59232
0.619
0.61514
0.6181
0.6152
0.64585
0.63622
0.65773
0.64131
0.64302
0.652
0.62677
0.64983
0.63747
0.61423
0.63775
0.6334
0.62506
0.63363
0.62369
0.60547
0.63671
0.61939
0.62619
0.62524
0.61797
0.63611
0.64612
0.64785
0.64781
0.6435
0.66599
0.64847
0.64741
0.67004
0.65473
0.65583
0.64497
0.65704
0.64477
0.62735
0.63004
0.64824
0.63315
0.63348
0.61962
0.6409
0.66004
0.6552
0.67591
0.67533
0.65236
0.66978
0.66977
0.68674
0.67778
0.66245
0.68683
0.63986
0.65141
0.64183
0.64847
0.63831
0.62452
0.63504
0.62214
0.6168
0.61243
0.60958
0.59517
0.61061
0.6424
0.60406
0.61817
0.65324
0.63964
0.66763
0.67507
0.6676
0.67891
0.68473
0.69725
0.68596
0.71357
0.69759
0.7225
0.71186
0.69342
0.67755
0.69343
0.69982
0.68788
0.67384
0.6766
0.69103
0.67983
0.69496
0.68015
0.72663
0.70676
0.71731
0.73061
0.74518
0.74249
0.76609
0.73462
0.75256
0.75771
0.75318
0.77494
0.75838
0.75716
0.75443
0.73257
0.728
0.70004
0.70478
0.68946
-
0.50225
0.51179
0.53444
0.53774
0.54728
0.55429
0.56994
0.55469
0.56332
0.55888
0.58145
0.57046
0.58577
0.57765
0.58474
0.59886
0.59799
0.59971
0.59527
0.59893
0.59486
0.62014
0.6128
0.61236
0.62844
0.6188
0.63889
0.62553
0.64275
0.64135
0.60432
0.63217
0.63514
0.62703
0.62752
0.61031
0.62366
0.59091
0.61068
0.60809
0.61042
0.60322
0.59692
0.60357
0.61566
0.59935
0.60298
0.63032
0.61549
0.62939
0.63335
0.65775
0.64706
0.62725
0.66865
0.66674
0.70144
0.67628
0.68756
0.68099
0.70097
0.68109
0.6909
0.684
0.68183
0.67942
0.65724
0.66273
0.63022
0.62155
0.62168
0.61813
0.60805
0.59388
0.5674
0.59836
0.59353
0.57258
0.59572
0.56707
0.62459
0.60204
0.61112
0.61741
0.63225
0.64654
0.65102
0.66337
0.68013
0.69609
0.70163
0.70332
0.71437
0.75932
0.74411
0.76143
0.73593
0.74263
0.75483
0.75299
0.73213
0.73718
0.72686
0.70328
0.70849
0.68445
0.67452
0.6604
0.62488
0.62803
0.63464
0.61756
0.6149
0.62852
0.60641
0.60622
0.62663
0.62112
0.62616
0.64122
0.64721
0.64421
0.64095
0.67633
0.65813
0.68971
0.67564
0.70643
0.69482
0.7075
0.71784
0.71995
0.74517
0.73097
0.72483
0.72603
0.73653
0.71667
0.71324
0.72144
0.70286
0.68914
0.67232
0.66477
0.66421
0.68147
0.64812
0.6335
0.63163
0.62572
0.60321
0.63568
0.61675
0.64319
0.62439
0.63167
0.62957
0.64322
0.66104
0.64203
0.63986
0.69231
0.65746
0.67809
0.66967
0.67968
0.68873
0.65128
0.67792
0.66231
0.66842
0.65432
0.64616
0.66957
0.64314
0.65281
0.64585
0.68088
0.6606
0.66141
0.67274
0.64827
0.67749
0.66101
0.66184
0.68107
0.65624
0.67839
0.68045
0.66475
0.67345
0.70108
0.67769
0.66204
0.66917
0.66793
0.63616
0.62893
0.62626
0.62414
-
0.66472
0.67664
0.65761
0.67579
0.69273
0.69881
0.69563
0.66312
0.6646
0.65559
0.65515
0.64576
0.61971
0.61948
0.59344
0.61133
0.58118
0.5888
0.60499
0.62035
0.61276
0.6268
0.61516
0.63355
0.67186
0.66001
0.6862
0.69332
0.71471
0.72835
0.72098
0.72887
0.73356
0.7388
0.7387
0.7284
0.75656
0.7383
0.71669
0.7452
0.75306
0.74955
0.70856
0.72382
0.71205
0.71344
0.69204
0.684
0.66393
0.68172
0.68051
0.66403
0.68263
0.66879
0.66557
0.65495
0.65285
0.64101
0.64769
0.62483
0.68163
0.65418
0.6696
0.66625
0.69907
0.70733
0.72275
0.73685
0.76649
0.77628
0.78733
0.79643
0.81344
0.82144
0.82184
0.80774
0.84102
0.83311
0.83469
0.81414
0.81079
0.78936
0.78174
0.75028
0.74826
0.70375
0.68748
0.69409
0.68936
0.66769
0.67586
0.65767
0.64794
0.6937
0.69099
0.69939
0.69706
0.73538
0.75392
0.75137
0.74339
0.76054
0.77428
0.7799
0.77025
0.78945
0.79637
0.82987
0.77891
0.79977
0.80099
0.81577
0.76827
0.78667
0.78789
0.80855
0.7909
0.80305
0.82294
0.78257
0.79574
0.78247
0.77111
0.76575
0.77423
0.75496
0.74632
0.74354
0.72287
0.75092
0.72873
0.72765
0.73234
0.74531
0.75328
0.75888
0.78684
0.76332
0.77936
0.8066
0.81051
0.84446
0.81907
0.8387
0.86059
0.82779
0.83501
0.83929
0.86479
0.86865
0.82929
0.83845
0.80551
0.80008
0.78927
0.75904
0.77115
0.74471
0.76006
0.7441
0.74118
0.75046
0.7288
0.75448
0.75312
0.77796
0.79193
0.80275
0.82135
0.80523
0.80148
0.84265
0.84705
0.85537
0.85492
0.86514
0.87875
0.86961
0.85921
0.89659
0.88924
0.86875
0.87347
0.84765
0.84904
0.8588
0.82534
0.82071
0.81349
0.81046
0.79029
0.80988
0.79096
0.79971
0.77293
0.77797
0.76819
0.73688
0.73288
0.7426
-
0.67298
0.67473
0.67478
0.69057
0.66712
0.6468
0.64366
0.65711
0.62808
0.63389
0.63488
0.64618
0.61646
0.63903
0.64134
0.60833
0.62368
0.59726
0.61097
0.63016
0.61251
0.62312
0.64461
0.63607
0.63122
0.62342
0.63565
0.64959
0.62093
0.64908
0.63108
0.62549
0.62964
0.6562
0.62862
0.63681
0.64081
0.65062
0.64165
0.64106
0.65565
0.64237
0.64237
0.62115
0.65371
0.65263
0.65181
0.61594
0.6349
0.64869
0.65393
0.63469
0.64509
0.64587
0.64312
0.66583
0.64787
0.68694
0.70103
0.66429
0.69
0.68092
0.66513
0.66358
0.68686
0.67495
0.66797
0.68528
0.67289
0.66772
0.64345
0.63904
0.64399
0.66004
0.63383
0.66048
0.63164
0.61569
0.62816
0.59111
0.58671
0.61284
0.5861
0.59547
0.56906
0.58302
0.55288
0.56935
0.56258
0.58856
0.55366
0.54857
0.55621
0.5738
0.5756
0.55479
0.57793
0.57149
0.57015
0.58681
0.59248
0.62185
0.59543
0.60194
0.58942
0.59415
0.61031
0.61818
0.65132
0.62277
0.60793
0.63675
0.6369
0.63464
0.63817
0.62689
0.61791
0.6248
0.62284
0.61587
0.61667
0.61817
0.64416
0.63001
0.6404
0.65406
0.63997
0.63093
0.67048
0.65881
0.65931
0.667
0.6805
0.69096
0.68896
0.70129
0.69828
0.70019
0.73086
0.72298
0.72366
0.71788
0.71154
0.73127
0.73058
0.74391
0.73346
0.71892
0.72486
0.72221
0.73518
0.72378
0.72134
0.70661
0.69822
0.69252
0.66314
0.65992
0.66419
0.66739
0.63078
0.64339
0.59516
0.60937
0.59329
0.60455
0.60221
0.58704
0.60298
0.58044
0.60685
0.57452
0.58582
0.59629
0.60041
0.60213
0.61045
0.62876
0.62558
0.60421
0.64074
0.64946
0.65923
0.66171
0.66963
0.6707
0.66298
0.66657
0.67598
0.69373
0.68196
0.69328
0.67528
0.67827
0.67104
0.65841
0.65768
0.66096
0.62264
0.61894
-
0.82612
0.81203
0.80093
0.79236
0.78216
0.74232
0.74907
0.73916
0.72068
0.71178
0.71241
0.69544
0.68283
0.66527
0.66537
0.67119
0.67815
0.64613
0.65259
0.66684
0.62568
0.63205
0.62636
0.60173
0.61303
0.57908
0.55866
0.55007
0.53833
0.49851
0.51229
0.48547
0.45963
0.45026
0.46636
0.43467
0.42668
0.41854
0.42961
0.42287
0.43463
0.43081
0.45662
0.45551
0.46639
0.49681
0.50929
0.52426
0.54293
0.55262
0.56491
0.58888
0.58132
0.59483
0.59515
0.61342
0.59205
0.60581
0.59352
0.57261
0.56857
0.54555
0.55064
0.52663
0.51552
0.46762
0.45965
0.43835
0.42855
0.40975
0.41041
0.40148
0.39746
0.39704
0.40002
0.41485
0.42382
0.41728
0.44435
0.4617
0.48214
0.47982
0.50137
0.5121
0.53417
0.53838
0.54074
0.54586
0.55905
0.56834
0.54374
0.54332
0.53875
0.54754
0.53023
0.52875
0.52196
0.49897
0.51724
0.49353
0.4919
0.49778
0.47344
0.50126
0.48001
0.50294
0.51023
0.52005
0.52122
0.55921
0.56184
0.57752
0.58685
0.58478
0.60489
0.58525
0.62038
0.59258
0.61222
0.59394
0.60358
0.58541
0.56223
0.56194
0.54657
0.52482
0.50059
0.47031
0.46498
0.4478
0.41749
0.41489
0.38772
0.3918
0.37278
0.36617
0.36265
0.35297
0.3358
0.36074
0.35409
0.34371
0.37497
0.37824
0.38429
0.36589
0.3931
0.37999
0.38808
0.40028
0.39113
0.38244
0.38067
0.36847
0.3609
0.34066
0.33138
0.33034
0.31715
0.29756
0.28745
0.29339
0.2636
0.24978
0.25605
0.23385
0.2478
0.25234
0.2729
0.28042
0.29994
0.30718
0.32415
0.34963
0.37757
0.40871
0.4214
0.44694
0.48513
0.5172
0.53152
0.54864
0.54043
0.57588
0.592
0.57181
0.58762
0.58982
0.57237
0.57196
0.55702
0.55368
0.55186
0.51939
0.52004
0.50621
0.50862
0.48114
0.48151
0.46162
-
0.80427
0.81312
0.79054
0.78381
0.76709
0.75253
0.73786
0.72473
0.70838
0.69763
0.69264
0.66795
0.64073
0.66611
0.64576
0.62054
0.61526
0.63209
0.61677
0.60551
0.60639
0.62032
0.61502
0.61514
0.61704
0.6198
0.61395
0.61843
0.6118
0.58842
0.59496
0.58379
0.58924
0.56777
0.55285
0.53515
0.53628
0.53614
0.4921
0.4881
0.47505
0.47087
0.46223
0.4354
0.42293
0.42813
0.43575
0.39993
0.43524
0.44025
0.44415
0.47534
0.45978
0.49029
0.49509
0.52201
0.52881
0.55063
0.56924
0.57093
0.62319
0.59464
0.641
0.66028
0.66275
0.67871
0.67633
0.70196
0.69491
0.66588
0.708
0.67713
0.65979
0.66257
0.6747
0.6836
0.65117
0.64267
0.63369
0.61644
0.63712
0.61377
0.60949
0.59489
0.58065
0.60476
0.57815
0.56825
0.58629
0.57401
0.57248
0.57873
0.57342
0.59157
0.58817
0.60263
0.57816
0.58493
0.59597
0.60071
0.59564
0.59548
0.59737
0.59841
0.61572
0.59328
0.58817
0.61281
0.60348
0.58949
0.6015
0.58548
0.6056
0.6113
0.59526
0.6084
0.64586
0.64609
0.64612
0.63975
0.66606
0.6726
0.68078
0.67901
0.68609
0.6961
0.68843
0.69555
0.68892
0.71254
0.71488
0.69679
0.70447
0.67253
0.68015
0.68271
0.66109
0.64747
0.6327
0.63133
0.58988
0.59243
0.57847
0.55639
0.55115
0.54296
0.54434
0.52263
0.5017
0.50306
0.53162
0.5016
0.50785
0.50578
0.52786
0.49758
0.5055
0.5097
0.53539
0.53985
0.56538
0.54554
0.54527
0.56565
0.57625
0.59612
0.57679
0.56608
0.57874
0.57921
0.60016
0.57357
0.5557
0.58275
0.55948
0.57047
0.52918
0.54974
0.51662
0.53035
0.54549
0.53094
0.53445
0.52999
0.5578
0.5542
0.57219
0.58621
0.60971
0.60491
0.62096
0.63771
0.65277
0.68686
0.68426
0.70374
0.70454
0.73512
0.73559
0.74963
-
0.59406
0.58248
0.56759
0.59296
0.58593
0.59092
0.63496
0.63589
0.6694
0.67156
0.68462
0.71946
0.72842
0.76474
0.76503
0.7907
0.80619
0.79799
0.82691
0.82697
0.81705
0.79027
0.7938
0.76777
0.76927
0.78775
0.73335
0.72486
0.70553
0.7244
0.70098
0.69886
0.71833
0.70478
0.71984
0.70428
0.69491
0.69658
0.69569
0.74208
0.73564
0.73264
0.76107
0.74306
0.75773
0.79427
0.7708
0.7911
0.80168
0.7788
0.80287
0.81212
0.81434
0.80141
0.80363
0.76563
0.79799
0.79575
0.77342
0.77041
0.7752
0.75992
0.72991
0.73422
0.7345
0.71517
0.67503
0.66491
0.65652
0.66734
0.63904
0.62885
0.64545
0.62268
0.64172
0.64397
0.64916
0.67523
0.69538
0.7026
0.69524
0.75378
0.75896
0.77725
0.76034
0.78472
0.76994
0.7811
0.78037
0.79511
0.78979
0.73654
0.78075
0.73493
0.71965
0.68465
0.66484
0.6647
0.65441
0.65642
0.6204
0.65439
0.64337
0.65871
0.62702
0.65686
0.65224
0.67378
0.69193
0.70225
0.71494
0.71549
0.76174
0.7793
0.78397
0.79717
0.77612
0.7947
0.83562
0.81091
0.80587
0.83088
0.80721
0.81298
0.82451
0.82231
0.80118
0.80742
0.77035
0.77609
0.76659
0.74832
0.74456
0.7264
0.6947
0.69354
0.66129
0.6886
0.6475
0.64724
0.63215
0.5984
0.62934
0.62665
0.61351
0.63065
0.63655
0.65299
0.64559
0.68805
0.66413
0.70816
0.72311
0.72308
0.75382
0.76124
0.73077
0.7669
0.76446
0.77122
0.75874
0.76091
0.75557
0.74572
0.70936
0.70136
0.69976
0.65438
0.66511
0.6267
0.64253
0.61223
0.63133
0.59924
0.62415
0.61086
0.63794
0.649
0.65862
0.67574
0.67333
0.69817
0.71027
0.73519
0.75131
0.75624
0.76781
0.7695
0.73648
0.76495
0.77353
0.78323
0.78204
0.78623
0.77733
0.785
0.78894
0.7622
0.76846
0.7482
-
0.6546
0.66722
0.68045
0.67188
0.6867
0.66923
0.6597
0.61322
0.6167
0.61288
0.58476
0.5759
0.56425
0.57421
0.56102
0.58425
0.58482
0.59726
0.60268
0.60544
0.61009
0.61984
0.59456
0.57155
0.5598
0.54348
0.52867
0.51363
0.51449
0.50384
0.53043
0.53378
0.52638
0.56859
0.60019
0.59864
0.641
0.63531
0.65621
0.64293
0.63608
0.61588
0.60212
0.57749
0.55674
0.57407
0.59877
0.61049
0.61233
0.61768
0.65135
0.66027
0.65467
0.68191
0.6549
0.65203
0.63967
0.59243
0.59685
0.57805
0.54771
0.53902
0.54306
0.54293
0.5682
0.57053
0.57395
0.61275
0.60609
0.62221
0.61667
0.64019
0.62956
0.64243
0.62306
0.60315
0.61365
0.60473
0.57662
0.61094
0.63051
0.65549
0.66743
0.66544
0.72072
0.72999
0.73023
0.74477
0.73322
0.7233
0.72412
0.72087
0.68179
0.6783
0.65902
0.64226
0.65026
0.63021
0.61823
0.66867
0.66153
0.67742
0.68213
0.67748
0.68516
0.69089
0.64547
0.64162
0.62827
0.609
0.61161
0.57029
0.59063
0.57627
0.57329
0.61945
0.60079
0.63493
0.65159
0.66352
0.66632
0.67291
0.69489
0.67527
0.67222
0.65039
0.63763
0.61607
0.61045
0.58981
0.61421
0.61756
0.64835
0.64034
0.6462
0.65354
0.67688
0.68051
0.70026
0.66508
0.66188
0.62701
0.62412
0.57943
0.59945
0.57965
0.55793
0.56527
0.5769
0.57164
0.58324
0.60183
0.61335
0.63334
0.61899
0.63931
0.64594
0.61316
0.6024
0.60261
0.58871
0.55347
0.56222
0.54005
0.55364
0.57152
0.56199
0.60215
0.60005
0.62937
0.62173
0.62208
0.6066
0.61778
0.59014
0.58829
0.56566
0.52747
0.52015
0.52637
0.54052
0.51153
0.54132
0.54681
0.56013
0.59151
0.59879
0.59574
0.60562
0.60501
0.60419
0.57224
0.56564
0.5477
0.53842
0.51261
0.52281
0.51432
0.55108
0.54495
-
0.71775
0.72949
0.69099
0.71858
0.6865
0.69366
0.68387
0.72345
0.68875
0.65288
0.66177
0.67661
0.66647
0.67005
0.64701
0.64013
0.63027
0.65135
0.677
0.6797
0.71206
0.72455
0.71201
0.75043
0.74753
0.73704
0.7519
0.77345
0.78512
0.7541
0.78308
0.76227
0.73094
0.72027
0.70305
0.70783
0.70439
0.68209
0.65679
0.65118
0.66152
0.61884
0.62593
0.62497
0.60378
0.63984
0.62878
0.6185
0.63698
0.65687
0.66805
0.64839
0.66862
0.7013
0.68218
0.67814
0.70395
0.70985
0.72261
0.72585
0.74229
0.71484
0.73519
0.75661
0.75603
0.76753
0.78734
0.78698
0.77952
0.77663
0.78387
0.81273
0.81384
0.83584
0.82063
0.81472
0.83422
0.80543
0.83113
0.81629
0.80376
0.76917
0.76963
0.75503
0.7466
0.74954
0.7493
0.73602
0.7253
0.74616
0.75536
0.73517
0.74683
0.76537
0.80427
0.78238
0.78659
0.82663
0.77496
0.82992
0.79105
0.79669
0.7783
0.76721
0.74985
0.75383
0.74357
0.73511
0.7389
0.73281
0.71511
0.69835
0.68672
0.70705
0.70577
0.70925
0.70152
0.71483
0.70321
0.72695
0.72437
0.71117
0.74565
0.76316
0.78202
0.76681
0.7262
0.73217
0.77139
0.75852
0.7479
0.73551
0.75033
0.73752
0.73433
0.75332
0.73178
0.76423
0.74931
0.76963
0.77998
0.79372
0.79385
0.76811
0.78828
0.76456
0.78191
0.80333
0.78911
0.79389
0.76196
0.77386
0.78514
0.75363
0.74278
0.75086
0.75628
0.79306
0.77309
0.77026
0.80182
0.79144
0.82406
0.83164
0.84686
0.84213
0.86799
0.87651
0.84544
0.88292
0.89696
0.888
0.85891
0.85303
0.84389
0.84089
0.83078
0.80309
0.8138
0.78777
0.76069
0.76098
0.77674
0.72771
0.73318
0.7504
0.71284
0.74117
0.69993
0.70093
0.73318
0.70028
0.73085
0.70753
0.73873
0.7395
0.73872
0.75182
0.71926
0.73571
-
0.64071
0.659
0.67329
0.66952
0.66978
0.6521
0.64845
0.65136
0.64326
0.63884
0.62666
0.59207
0.61507
0.58898
0.5894
0.57626
0.58399
0.56512
0.559
0.55967
0.53418
0.53808
0.49923
0.48622
0.50817
0.51057
0.52761
0.49344
0.50264
0.47577
0.50686
0.50026
0.50862
0.50414
0.5098
0.50658
0.53268
0.52462
0.56029
0.5578
0.54786
0.57004
0.57261
0.57306
0.5774
0.57192
0.60003
0.59842
0.58892
0.60301
0.61063
0.60246
0.6116
0.60498
0.61632
0.60647
0.58526
0.59703
0.58019
0.59042
0.58707
0.58756
0.56915
0.56687
0.6001
0.57941
0.59887
0.59559
0.59455
0.62055
0.60876
0.60049
0.61159
0.61357
0.61996
0.62232
0.65245
0.63669
0.62984
0.63534
0.65658
0.66213
0.66109
0.68169
0.6939
0.6866
0.69906
0.69292
0.69461
0.70682
0.70937
0.70283
0.68465
0.69651
0.6816
0.67152
0.668
0.65351
0.65822
0.66158
0.66466
0.65753
0.64246
0.6561
0.64701
0.63319
0.62824
0.64027
0.62279
0.63467
0.62682
0.6222
0.63375
0.64312
0.63189
0.64277
0.63744
0.65091
0.66244
0.65219
0.6441
0.67634
0.68374
0.68509
0.68621
0.70267
0.68241
0.67335
0.6835
0.70285
0.70748
0.67348
0.66761
0.65539
0.67305
0.65865
0.6396
0.67285
0.65511
0.64665
0.65187
0.61596
0.61567
0.63116
0.61359
0.61817
0.60735
0.59224
0.58444
0.5871
0.57834
0.59727
0.58018
0.5884
0.59458
0.579
0.57517
0.58817
0.58683
0.58285
0.60864
0.58789
0.59558
0.6028
0.59123
0.5775
0.60242
0.59222
0.5961
0.58467
0.59955
0.58883
0.56765
0.59448
0.59942
0.58411
0.5795
0.60739
0.5974
0.57426
0.57531
0.56528
0.5776
0.60485
0.57636
0.59387
0.60677
0.61729
0.59894
0.62262
0.62686
0.60203
0.62821
0.62125
0.63512
0.64713
0.63031
0.65216
0.64071
0.61632
-
0.28402
0.29052
0.30092
0.30803
0.31751
0.32213
0.32288
0.32571
0.3211
0.32064
0.31772
0.31853
0.31701
0.31375
0.31503
0.30675
0.30432
0.29403
0.29343
0.29715
0.29782
0.30142
0.30316
0.29538
0.30277
0.30244
0.31393
0.32733
0.32664
0.32681
0.32645
0.33863
0.33475
0.34366
0.35147
0.34746
0.34271
0.34714
0.34407
0.34913
0.34809
0.35466
0.35817
0.35123
0.3573
0.36217
0.38005
0.37507
0.36724
0.36855
0.37455
0.38302
0.38896
0.38952
0.39199
0.39175
0.39416
0.39417
0.39463
0.38997
0.3829
0.36465
0.36448
0.36818
0.34085
0.33966
0.33296
0.3227
0.31668
0.29542
0.3043
0.2988
0.28988
0.29911
0.29407
0.2885
0.28312
0.28451
0.2754
0.28535
0.28304
0.29258
0.28454
0.28305
0.2871
0.27393
0.27741
0.27548
0.26877
0.26687
0.25977
0.26129
0.25429
0.25154
0.24373
0.25218
0.24659
0.24357
0.253
0.25939
0.25242
0.27025
0.26673
0.26411
0.26265
0.25832
0.26355
0.25416
0.25793
0.26007
0.26084
0.24944
0.25209
0.24027
0.23991
0.23798
0.22988
0.22648
0.21353
0.22291
0.2172
0.22274
0.2254
0.23729
0.23783
0.24048
0.24377
0.24655
0.26055
0.26951
0.26891
0.28418
0.28601
0.28711
0.29296
0.30235
0.29678
0.30314
0.29539
0.30288
0.28787
0.29603
0.29684
0.28429
0.29277
0.28785
0.28529
0.28437
0.28543
0.2852
0.27967
0.27989
0.27586
0.27467
0.2756
0.2721
0.27948
0.25551
0.25869
0.25978
0.248
0.2407
0.23784
0.2323
0.22327
0.21799
0.20923
0.20114
0.18648
0.19423
0.1973
0.19098
0.1947
0.1873
0.19215
0.19453
0.20136
0.19327
0.20252
0.2097
0.22288
0.2209
0.21808
0.21583
0.23184
0.22891
0.23083
0.23471
0.22398
0.21052
0.21149
0.20055
0.20777
0.20265
0.19703
0.19296
0.17893
0.18141
0.18307
0.16664
-
0.24634
0.24715
0.24418
0.24209
0.23874
0.23762
0.22023
0.21299
0.19804
0.19228
0.17614
0.16747
0.16563
0.15713
0.15747
0.15936
0.1632
0.16802
0.17387
0.19028
0.20779
0.2275
0.23899
0.25519
0.26698
0.27929
0.29902
0.30602
0.31384
0.31875
0.30989
0.31289
0.30822
0.30411
0.30166
0.28727
0.27707
0.27884
0.26895
0.25702
0.26042
0.26401
0.25869
0.26316
0.27095
0.28289
0.29172
0.30751
0.32132
0.33459
0.34177
0.35172
0.35595
0.3625
0.35929
0.36935
0.36914
0.36962
0.3595
0.3527
0.34857
0.34041
0.32367
0.31348
0.30824
0.30443
0.29147
0.28953
0.29391
0.28357
0.28887
0.28898
0.28957
0.28957
0.29354
0.2992
0.28263
0.28653
0.28694
0.29703
0.30369
0.29286
0.28043
0.29141
0.28071
0.26631
0.26834
0.25208
0.24283
0.24986
0.24797
0.23432
0.2358
0.24167
0.23974
0.23152
0.24714
0.24707
0.24969
0.25354
0.26598
0.26229
0.2816
0.28136
0.29829
0.29677
0.30549
0.31043
0.31275
0.31201
0.31127
0.3168
0.30905
0.32806
0.31621
0.31533
0.31843
0.31109
0.315
0.31236
0.3098
0.31111
0.30086
0.2986
0.30352
0.29551
0.29016
0.29016
0.28664
0.27313
0.27014
0.26383
0.26192
0.25654
0.25021
0.24291
0.23409
0.2403
0.22884
0.22666
0.22908
0.21795
0.22629
0.22528
0.21353
0.21144
0.21374
0.2155
0.21826
0.21379
0.22329
0.21561
0.20253
0.20383
0.19186
0.19169
0.17457
0.17912
0.18323
0.17355
0.18611
0.17308
0.17868
0.18095
0.193
0.18838
0.19774
0.20102
0.20955
0.21804
0.20878
0.22627
0.23303
0.24475
0.23369
0.23864
0.23618
0.23681
0.23678
0.23232
0.21483
0.21783
0.21369
0.21221
0.20874
0.19916
0.20023
0.20023
0.20352
0.217
0.20398
0.22463
0.22985
0.22762
0.24701
0.24843
0.26439
0.26369
0.27231
0.27289
-
0.1663
0.19429
0.19641
0.20742
0.24237
0.23621
0.2693
0.27252
0.29241
0.29935
0.31314
0.31397
0.33765
0.34803
0.36235
0.36247
0.37976
0.39072
0.3987
0.40632
0.41111
0.40669
0.41397
0.41404
0.40071
0.40625
0.39653
0.39882
0.37805
0.37643
0.38101
0.36756
0.36201
0.36296
0.35298
0.36591
0.35091
0.34551
0.35235
0.3622
0.36617
0.366
0.35056
0.34985
0.35717
0.36296
0.35565
0.36177
0.36483
0.3557
0.33974
0.33909
0.33988
0.33395
0.31623
0.31923
0.3124
0.30705
0.30582
0.30871
0.30216
0.29368
0.30752
0.30323
0.33702
0.32333
0.34307
0.36018
0.36962
0.3594
0.37226
0.38794
0.40851
0.42379
0.41248
0.43369
0.42451
0.42446
0.43219
0.42855
0.41603
0.41278
0.40569
0.40172
0.3966
0.38887
0.37588
0.38005
0.36675
0.36422
0.36148
0.36329
0.36944
0.37591
0.37205
0.37355
0.3678
0.38573
0.39002
0.39895
0.3985
0.39333
0.39428
0.39679
0.41629
0.40217
0.38728
0.39713
0.38139
0.38722
0.37574
0.37456
0.36746
0.35045
0.36009
0.35928
0.36084
0.36306
0.34902
0.35735
0.3653
0.37469
0.37286
0.37571
0.37876
0.38884
0.39558
0.39255
0.40251
0.41884
0.40262
0.41311
0.42163
0.41942
0.41602
0.42224
0.41517
0.42565
0.41286
0.41503
0.40422
0.39252
0.40295
0.39394
0.39538
0.37707
0.38846
0.38229
0.38502
0.37357
0.36578
0.37029
0.36099
0.36394
0.36222
0.36932
0.35455
0.34905
0.35321
0.34933
0.348
0.34521
0.34039
0.32236
0.36135
0.34503
0.34293
0.35469
0.36605
0.36853
0.37705
0.36474
0.36943
0.38147
0.38974
0.39494
0.3859
0.39533
0.38767
0.41047
0.40589
0.4034
0.39267
0.39241
0.41211
0.40938
0.41291
0.41057
0.41311
0.41548
0.41217
0.4034
0.42648
0.42644
0.43082
0.43097
0.43548
0.44377
0.44495
0.4562
-
0.42284
0.41953
0.43166
0.43163
0.42398
0.42426
0.42107
0.41432
0.4183
0.41186
0.41464
0.40413
0.40321
0.38572
0.38171
0.37693
0.37046
0.37528
0.36112
0.35682
0.35669
0.36335
0.3537
0.34901
0.3547
0.3506
0.35303
0.36042
0.35382
0.35999
0.35842
0.35445
0.35409
0.34463
0.34357
0.34783
0.34063
0.33053
0.32486
0.32328
0.3178
0.31117
0.28309
0.27889
0.26515
0.25928
0.24657
0.24456
0.2281
0.22786
0.22225
0.22506
0.21786
0.21323
0.21687
0.21861
0.23
0.22625
0.24123
0.23326
0.23841
0.24626
0.26108
0.25293
0.26278
0.26079
0.27669
0.27439
0.28294
0.27304
0.27522
0.2555
0.25748
0.25181
0.25314
0.24328
0.22814
0.22851
0.22197
0.22698
0.22166
0.21008
0.21067
0.21239
0.2133
0.20663
0.21416
0.19974
0.21211
0.20313
0.21039
0.2155
0.21415
0.2067
0.21615
0.21258
0.20708
0.2059
0.21898
0.20892
0.20082
0.20117
0.19874
0.18821
0.19856
0.19262
0.19588
0.18295
0.20011
0.20153
0.20348
0.20026
0.20971
0.21771
0.22351
0.23217
0.24086
0.24084
0.24445
0.26174
0.25602
0.26577
0.26975
0.2748
0.26597
0.2631
0.25632
0.24948
0.25154
0.24736
0.2429
0.23366
0.23683
0.21671
0.20617
0.21295
0.19748
0.20206
0.1889
0.1903
0.19191
0.19683
0.20238
0.20778
0.20539
0.2206
0.21445
0.22841
0.2279
0.23996
0.24493
0.25402
0.25586
0.25858
0.26738
0.26887
0.26747
0.27426
0.26913
0.2705
0.25661
0.2504
0.24452
0.24954
0.25182
0.25158
0.24133
0.23661
0.23343
0.23964
0.23112
0.23617
0.23196
0.23315
0.23238
0.23021
0.23606
0.22861
0.23836
0.22644
0.22958
0.23033
0.23172
0.22032
0.2126
0.21207
0.20234
0.20117
0.20124
0.18258
0.17752
0.16357
0.16316
0.15028
0.14921
0.14309
0.13345
0.12818
0.13496
0.12145
-
0.16272
0.17218
0.16475
0.20117
0.19462
0.21211
0.23058
0.23447
0.24693
0.25411
0.26154
0.24904
0.27348
0.28713
0.285
0.29288
0.30291
0.30323
0.3353
0.33526
0.3466
0.34569
0.36323
0.3793
0.3837
0.37916
0.38754
0.41239
0.40423
0.41664
0.41162
0.41414
0.42695
0.42383
0.41926
0.42241
0.42506
0.41156
0.4103
0.40143
0.41254
0.39695
0.40533
0.4244
0.38775
0.40507
0.40947
0.39488
0.40442
0.4049
0.40942
0.41639
0.42611
0.43707
0.43282
0.43785
0.44219
0.45773
0.44337
0.46967
0.46765
0.49462
0.48772
0.48165
0.47709
0.4935
0.49581
0.50203
0.49897
0.49521
0.48466
0.49091
0.49941
0.48333
0.47313
0.47556
0.47474
0.46428
0.46102
0.45397
0.45577
0.45157
0.45182
0.44313
0.44214
0.45228
0.45683
0.45124
0.44943
0.44359
0.46211
0.45881
0.45785
0.47668
0.47194
0.4905
0.49012
0.49413
0.49747
0.50219
0.49709
0.49916
0.49152
0.49472
0.48595
0.48331
0.50549
0.49621
0.48261
0.49042
0.48135
0.47181
0.48104
0.46226
0.47615
0.45937
0.47833
0.47023
0.47041
0.47331
0.46021
0.47974
0.47241
0.47589
0.47551
0.47616
0.45208
0.48719
0.47254
0.48989
0.47899
0.48239
0.47486
0.48985
0.47486
0.46809
0.4754
0.48134
0.46782
0.4544
0.45981
0.43991
0.45148
0.45479
0.44734
0.44504
0.41483
0.44083
0.43097
0.43267
0.43542
0.43776
0.43639
0.42669
0.43335
0.44094
0.44629
0.44757
0.4493
0.47147
0.4615
0.48104
0.46625
0.4862
0.48816
0.48373
0.49922
0.5004
0.50371
0.49085
0.49577
0.49416
0.49319
0.47646
0.46452
0.47841
0.45984
0.45301
0.45327
0.43789
0.4437
0.41953
0.43354
0.41895
0.42221
0.40736
0.41253
0.38984
0.39739
0.40936
0.39566
0.39787
0.40187
0.3998
0.40026
0.40772
0.39661
0.40891
0.38694
0.39441
-
0.40247
0.42209
0.42849
0.42839
0.43441
0.43468
0.43536
0.43946
0.43968
0.42819
0.4391
0.42182
0.41066
0.41294
0.40975
0.3804
0.37639
0.36711
0.35489
0.34263
0.32857
0.31371
0.29827
0.28709
0.29104
0.28162
0.26399
0.26907
0.25526
0.25186
0.25975
0.27236
0.27679
0.26888
0.27775
0.2918
0.30333
0.31467
0.3187
0.32584
0.34106
0.35408
0.35145
0.35945
0.37323
0.37703
0.38224
0.38852
0.38911
0.39168
0.39927
0.38707
0.39104
0.39047
0.38568
0.3787
0.3763
0.37704
0.37488
0.37391
0.38462
0.36205
0.36921
0.37703
0.34938
0.36577
0.35878
0.35579
0.3555
0.35093
0.3529
0.34465
0.33745
0.33735
0.35355
0.33217
0.33116
0.32363
0.32747
0.31579
0.31552
0.30534
0.30183
0.29413
0.29857
0.30337
0.29221
0.2882
0.31117
0.31688
0.32615
0.3274
0.33908
0.3636
0.36474
0.38408
0.38305
0.39924
0.41022
0.4046
0.42168
0.43373
0.44152
0.43584
0.43929
0.44462
0.43518
0.43484
0.43916
0.43626
0.42748
0.41971
0.41317
0.40932
0.38503
0.3813
0.38009
0.37751
0.36849
0.3623
0.3655
0.35622
0.34643
0.35425
0.35999
0.35992
0.35631
0.3595
0.35145
0.36339
0.3524
0.36492
0.36795
0.38161
0.35865
0.36083
0.36551
0.3774
0.36726
0.36754
0.37226
0.37363
0.37422
0.36858
0.37565
0.37194
0.38452
0.38521
0.38814
0.39578
0.39869
0.40217
0.40487
0.41159
0.4272
0.41503
0.42735
0.43925
0.44084
0.43744
0.44414
0.44461
0.44711
0.44542
0.4241
0.42046
0.4182
0.4014
0.39975
0.38551
0.37991
0.37451
0.35699
0.36194
0.33728
0.34027
0.31659
0.32704
0.31584
0.31262
0.31053
0.30425
0.31812
0.33364
0.32393
0.33437
0.34182
0.34512
0.35271
0.37413
0.37171
0.39162
0.40159
0.40171
0.40766
0.41845
0.42128
0.43817
0.42485
0.4401
-
0.60823
0.63839
0.632
0.64915
0.68229
0.65287
0.64619
0.64593
0.62135
0.59887
0.56607
0.54928
0.5272
0.51335
0.50096
0.4825
0.48014
0.4706
0.43883
0.47946
0.48045
0.497
0.52477
0.53872
0.57945
0.57363
0.59352
0.58536
0.59403
0.6023
0.59943
0.62982
0.61166
0.61792
0.60373
0.60438
0.57285
0.58551
0.55199
0.58672
0.55205
0.55525
0.5371
0.56277
0.56294
0.55672
0.57939
0.57339
0.57957
0.57923
0.5921
0.58949
0.55651
0.55222
0.54893
0.55673
0.52932
0.52275
0.52868
0.51453
0.51455
0.50844
0.5337
0.5244
0.53845
0.52999
0.55636
0.5881
0.62358
0.6318
0.66997
0.69292
0.71767
0.70996
0.7193
0.71572
0.71976
0.71491
0.70289
0.6574
0.65359
0.64306
0.60198
0.61336
0.55769
0.53877
0.54313
0.52676
0.52657
0.49623
0.50181
0.49874
0.53492
0.52446
0.55468
0.56835
0.60021
0.62458
0.64185
0.6386
0.63466
0.65096
0.66567
0.6604
0.66554
0.64649
0.65951
0.64153
0.65318
0.62195
0.63393
0.61813
0.63035
0.62727
0.62045
0.61128
0.62162
0.63883
0.62519
0.6428
0.63258
0.62053
0.62562
0.6143
0.60889
0.59849
0.59111
0.58253
0.57574
0.55371
0.56126
0.57137
0.56275
0.55715
0.56908
0.56961
0.59119
0.63376
0.64488
0.67375
0.67801
0.70802
0.7258
0.75355
0.74578
0.77172
0.76663
0.76596
0.7699
0.75059
0.7332
0.72462
0.68799
0.65341
0.64006
0.62751
0.59639
0.5903
0.5979
0.591
0.58927
0.5989
0.5838
0.6074
0.62149
0.66637
0.67789
0.68619
0.72326
0.73144
0.749
0.75714
0.77685
0.7645
0.77337
0.76773
0.73297
0.73755
0.74143
0.72968
0.7155
0.71321
0.7206
0.70232
0.69199
0.703
0.68197
0.71674
0.72516
0.68698
0.73052
0.68263
0.71776
0.69892
0.68502
0.66874
0.66623
0.65728
0.64669
0.65637
-
0.68936
0.72514
0.72906
0.7304
0.72684
0.72207
0.73237
0.72486
0.71035
0.70323
0.68471
0.68092
0.68381
0.65608
0.69783
0.6615
0.6716
0.65904
0.65582
0.63711
0.66653
0.62392
0.62379
0.63222
0.60563
0.5977
0.60256
0.57762
0.58341
0.57876
0.57993
0.58003
0.57391
0.56205
0.58789
0.56152
0.59486
0.58961
0.60178
0.59885
0.59743
0.60947
0.5951
0.62534
0.60942
0.60353
0.61623
0.62856
0.63548
0.66177
0.63238
0.647
0.64764
0.67245
0.65101
0.67511
0.66501
0.6532
0.66036
0.67811
0.65245
0.66669
0.65765
0.70015
0.65979
0.65427
0.65546
0.64455
0.64038
0.67802
0.65592
0.62824
0.64548
0.64815
0.60698
0.63838
0.61701
0.59563
0.61604
0.60722
0.58981
0.58302
0.58999
0.55533
0.56083
0.56973
0.57239
0.55957
0.5458
0.55482
0.54622
0.5256
0.52333
0.5264
0.49629
0.48666
0.5003
0.50391
0.52124
0.50153
0.51405
0.51835
0.52421
0.518
0.56679
0.53172
0.53585
0.54767
0.55269
0.57423
0.56704
0.57076
0.58689
0.57894
0.61038
0.60681
0.60719
0.62401
0.64423
0.64745
0.65661
0.65071
0.67722
0.66896
0.66955
0.66658
0.66936
0.65913
0.70122
0.64603
0.64078
0.64758
0.66508
0.64633
0.67604
0.67079
0.66832
0.67938
0.66044
0.64924
0.66357
0.63059
0.61134
0.60503
0.62027
0.61278
0.60722
0.60426
0.58991
0.60235
0.57677
0.61307
0.61189
0.60117
0.59969
0.59493
0.59148
0.60937
0.54998
0.58083
0.57048
0.56998
0.58684
0.59161
0.59145
0.5765
0.59376
0.59738
0.60472
0.61303
0.61301
0.61179
0.62087
0.60593
0.61771
0.60247
0.62346
0.59164
0.59272
0.60225
0.58129
0.58754
0.57756
0.58795
0.62302
0.6016
0.61565
0.60115
0.61208
0.58839
0.61356
0.59735
0.57587
0.57966
0.60463
0.57964
0.59283
0.56649
0.57444
0.54736
-
0.44097
0.43947
0.42232
0.4218
0.41575
0.39788
0.40637
0.39132
0.39
0.38512
0.38052
0.37318
0.3747
0.37599
0.38112
0.3815
0.36999
0.38118
0.37508
0.38659
0.38508
0.39096
0.38559
0.39846
0.3964
0.39863
0.39774
0.38839
0.38683
0.38053
0.391
0.38758
0.3893
0.40111
0.38975
0.38353
0.37771
0.37142
0.37254
0.37692
0.37365
0.37475
0.36504
0.37011
0.36209
0.36345
0.37424
0.36959
0.35984
0.36641
0.35832
0.35956
0.3641
0.35214
0.34249
0.33308
0.33611
0.31649
0.31198
0.30742
0.28717
0.28349
0.27885
0.27169
0.26118
0.25297
0.2424
0.24223
0.24539
0.23221
0.23906
0.24037
0.2302
0.2433
0.24758
0.25137
0.26368
0.27436
0.27185
0.28067
0.26799
0.28329
0.27678
0.29116
0.28279
0.28427
0.28427
0.28007
0.28645
0.26898
0.27496
0.27656
0.26772
0.26106
0.25887
0.25739
0.24814
0.24899
0.25795
0.25921
0.25018
0.25607
0.26473
0.26016
0.26782
0.26734
0.25971
0.27445
0.27434
0.27992
0.28571
0.28454
0.28807
0.28039
0.27068
0.28243
0.27692
0.27095
0.26956
0.26159
0.26437
0.26578
0.25711
0.25509
0.2512
0.2466
0.24478
0.2503
0.24878
0.24099
0.24451
0.24095
0.24013
0.23234
0.24547
0.25061
0.24282
0.23814
0.24165
0.23315
0.22442
0.22776
0.21361
0.2249
0.22226
0.21009
0.2108
0.20286
0.20102
0.18915
0.19199
0.18138
0.17365
0.17017
0.17503
0.17466
0.18028
0.17321
0.17999
0.18518
0.18424
0.18193
0.18752
0.18509
0.18937
0.18533
0.19184
0.18675
0.18568
0.19166
0.17614
0.17874
0.16958
0.17206
0.16471
0.16595
0.16523
0.15774
0.15829
0.15564
0.1447
0.14523
0.14805
0.14119
0.15012
0.15124
0.15669
0.16171
0.17237
0.15454
0.15722
0.17883
0.16474
0.16681
0.17867
0.16263
0.16113
0.14948
0.15079
0.14292
-
0.26067
0.25091
0.26269
0.28072
0.27882
0.27858
0.29333
0.30497
0.30727
0.31596
0.31533
0.33783
0.34066
0.34347
0.36039
0.35364
0.38401
0.38345
0.38674
0.39025
0.40048
0.41648
0.42267
0.42155
0.41916
0.43539
0.4236
0.42776
0.4225
0.43124
0.42037
0.42382
0.42318
0.41094
0.41943
0.42803
0.42666
0.43078
0.41914
0.43977
0.4436
0.4203
0.44159
0.44238
0.4507
0.45348
0.45351
0.46045
0.46392
0.47154
0.47887
0.47598
0.46799
0.49042
0.47069
0.47743
0.47585
0.45529
0.46475
0.4548
0.439
0.43056
0.427
0.41027
0.41755
0.40606
0.40405
0.39225
0.39405
0.40086
0.4066
0.41859
0.4134
0.42898
0.41772
0.43383
0.44551
0.45381
0.46528
0.46692
0.47311
0.47914
0.4752
0.49655
0.48585
0.48709
0.47647
0.47208
0.47213
0.45235
0.44259
0.43956
0.41913
0.40401
0.37478
0.37736
0.36109
0.33301
0.30782
0.30304
0.29716
0.29771
0.28526
0.28171
0.26562
0.27803
0.28533
0.29188
0.28769
0.28918
0.28918
0.29914
0.32248
0.32069
0.3338
0.33456
0.34373
0.35395
0.34663
0.35864
0.35213
0.36871
0.35956
0.34971
0.35529
0.34189
0.3412
0.35074
0.32487
0.32029
0.32215
0.32205
0.3098
0.30847
0.31391
0.29623
0.30622
0.32074
0.31778
0.3255
0.33665
0.31345
0.33738
0.34124
0.34862
0.35637
0.36483
0.35764
0.36235
0.35511
0.37181
0.35505
0.3545
0.35677
0.35707
0.36242
0.35284
0.35423
0.33643
0.32638
0.3411
0.34485
0.33359
0.33761
0.33895
0.32507
0.32598
0.33139
0.36326
0.35695
0.34625
0.36621
0.37369
0.3741
0.39189
0.38197
0.38034
0.37472
0.3842
0.38418
0.36448
0.36929
0.36832
0.35466
0.33787
0.34339
0.33087
0.30321
0.31017
0.29654
0.27593
0.28483
0.27162
0.26792
0.25844
0.26643
0.27458
0.26716
0.27921
0.29047
-
0.40612
0.39504
0.40886
0.42892
0.45275
0.43645
0.47037
0.43262
0.46254
0.45801
0.45339
0.47467
0.47971
0.48976
0.50017
0.50553
0.51748
0.53437
0.5397
0.55983
0.548
0.56967
0.58328
0.58852
0.5725
0.56575
0.58501
0.58724
0.58087
0.57973
0.57991
0.57659
0.55974
0.53196
0.52467
0.52414
0.50409
0.54376
0.50981
0.49546
0.50443
0.49623
0.50415
0.51702
0.50568
0.51905
0.53098
0.55107
0.55189
0.56672
0.54515
0.57981
0.57757
0.56976
0.58726
0.57614
0.57404
0.56198
0.56675
0.53016
0.56118
0.5269
0.51178
0.50867
0.51068
0.48927
0.49159
0.47491
0.4815
0.4714
0.45965
0.48117
0.47232
0.48551
0.48521
0.50515
0.47723
0.47904
0.48974
0.4959
0.47837
0.46824
0.45693
0.46927
0.44255
0.44692
0.43688
0.42642
0.40382
0.41647
0.3991
0.42772
0.41362
0.43114
0.41582
0.41504
0.43692
0.44547
0.46098
0.46145
0.48843
0.47994
0.47096
0.49827
0.50385
0.50672
0.49583
0.51477
0.51577
0.49682
0.50999
0.50111
0.48763
0.50067
0.4741
0.44986
0.46152
0.45984
0.45435
0.45505
0.45627
0.46284
0.45448
0.47627
0.48864
0.47966
0.48363
0.52646
0.52001
0.53732
0.54746
0.55016
0.55375
0.58109
0.57993
0.56771
0.56417
0.58861
0.58366
0.56062
0.56957
0.57714
0.57081
0.57587
0.582
0.58673
0.5763
0.59022
0.60223
0.60643
0.63806
0.64256
0.65116
0.67184
0.67053
0.67832
0.70467
0.70705
0.70371
0.7002
0.6796
0.67994
0.68891
0.67358
0.66808
0.64928
0.65688
0.63735
0.64126
0.63956
0.61746
0.61284
0.59149
0.60556
0.60068
0.60951
0.62177
0.61606
0.63286
0.66364
0.64882
0.6447
0.66315
0.6712
0.67129
0.67815
0.67548
0.6669
0.66402
0.65111
0.64871
0.63926
0.63446
0.63262
0.60763
0.57918
0.57243
0.58426
0.55921
0.56376
-
0.50342
0.50921
0.49883
0.49858
0.49385
0.49572
0.4882
0.46619
0.4744
0.46632
0.47088
0.46665
0.48159
0.48388
0.46694
0.48738
0.46996
0.47384
0.49426
0.47832
0.47398
0.48916
0.48072
0.48385
0.47639
0.49327
0.4839
0.46545
0.47764
0.46028
0.46301
0.45714
0.43711
0.44636
0.45384
0.42809
0.43441
0.41449
0.41652
0.40306
0.42655
0.42537
0.42182
0.42764
0.4328
0.40807
0.4214
0.4074
0.45751
0.44335
0.44896
0.45811
0.45407
0.469
0.46555
0.47581
0.46702
0.48107
0.48079
0.47846
0.48763
0.47955
0.47453
0.48717
0.49138
0.49726
0.47565
0.49992
0.49083
0.49193
0.50053
0.48631
0.48926
0.50057
0.50663
0.51008
0.50279
0.5134
0.52379
0.50872
0.51588
0.53253
0.53576
0.53627
0.52951
0.52849
0.52019
0.49576
0.51761
0.53265
0.50856
0.50073
0.50964
0.50511
0.49317
0.48347
0.49273
0.4889
0.49375
0.48477
0.48189
0.50327
0.5072
0.51995
0.53259
0.54033
0.54923
0.54324
0.54639
0.56257
0.57628
0.56483
0.58461
0.57373
0.58754
0.59436
0.58661
0.58785
0.60463
0.60637
0.59835
0.60019
0.58827
0.58262
0.59015
0.58565
0.57106
0.58552
0.59332
0.57148
0.57264
0.56304
0.55848
0.57198
0.59205
0.58087
0.58566
0.58309
0.59752
0.59891
0.60703
0.60598
0.61626
0.58988
0.62582
0.59918
0.61309
0.61194
0.61887
0.62084
0.6005
0.58833
0.59892
0.60805
0.58826
0.60525
0.59408
0.58604
0.59378
0.58831
0.58901
0.59039
0.58974
0.58244
0.58675
0.57306
0.58267
0.57438
0.58859
0.56555
0.55289
0.57498
0.55379
0.55635
0.55828
0.52768
0.51314
0.51907
0.5017
0.49942
0.49614
0.50036
0.47819
0.47464
0.4623
0.45659
0.44486
0.4505
0.45257
0.45508
0.44316
0.42779
0.45061
0.46116
0.44199
0.44678
0.45905
0.43822
0.43729
0.42739
-
0.40253
0.387
0.395
0.39091
0.39308
0.3908
0.38548
0.40156
0.3865
0.40121
0.4135
0.41768
0.4337
0.43349
0.43935
0.447
0.45406
0.45944
0.47934
0.47748
0.47014
0.48511
0.47276
0.478
0.47556
0.46285
0.45363
0.4578
0.45979
0.43824
0.43551
0.42622
0.41398
0.41762
0.4188
0.42112
0.42739
0.41734
0.43764
0.42362
0.42268
0.44878
0.45244
0.44359
0.46251
0.46261
0.45297
0.46875
0.467
0.4606
0.46096
0.47245
0.47434
0.48295
0.48088
0.43952
0.45442
0.44194
0.45333
0.43528
0.42963
0.43368
0.42618
0.41539
0.41941
0.43198
0.42351
0.4293
0.42781
0.43553
0.44493
0.44342
0.44194
0.44738
0.45512
0.46614
0.47282
0.46653
0.46746
0.45514
0.45603
0.46544
0.4471
0.44768
0.41083
0.42292
0.41429
0.39624
0.39845
0.38814
0.39426
0.37894
0.37917
0.37296
0.38407
0.36961
0.38542
0.38817
0.37196
0.38953
0.39621
0.41868
0.4059
0.41541
0.41058
0.41563
0.42125
0.42689
0.42023
0.42782
0.39361
0.41726
0.38484
0.40204
0.38252
0.37374
0.38087
0.36102
0.3618
0.34914
0.3554
0.33141
0.34095
0.36176
0.33948
0.35423
0.35216
0.35317
0.36152
0.37658
0.36382
0.38813
0.392
0.3941
0.40266
0.40518
0.40227
0.40938
0.40931
0.41098
0.40782
0.4133
0.41021
0.39816
0.39788
0.39524
0.37856
0.36105
0.36725
0.37692
0.37497
0.37346
0.36868
0.37197
0.38096
0.39422
0.37861
0.39538
0.40602
0.41455
0.40735
0.41128
0.42785
0.42101
0.42881
0.41182
0.4345
0.41868
0.41975
0.42183
0.40627
0.39686
0.39677
0.38832
0.37788
0.39388
0.37388
0.37054
0.3704
0.37019
0.3675
0.35939
0.37745
0.36005
0.36705
0.3827
0.37829
0.37184
0.38155
0.37616
0.36665
0.38379
0.37709
0.37673
0.36194
0.35063
0.35835
0.33298
0.32944
0.31478
-
0.66086
0.6441
0.68373
0.67983
0.67474
0.67559
0.67668
0.69541
0.69988
0.69942
0.70968
0.70426
0.72948
0.73676
0.74034
0.74003
0.72836
0.73429
0.73589
0.72592
0.71474
0.71485
0.704
0.69153
0.67798
0.67426
0.67296
0.67075
0.64283
0.62958
0.64331
0.61324
0.60308
0.5947
0.57692
0.57403
0.56551
0.56658
0.54546
0.54315
0.53736
0.55544
0.53255
0.53577
0.54705
0.53665
0.5381
0.54723
0.55674
0.5496
0.55166
0.57336
0.56685
0.58315
0.57701
0.57965
0.58087
0.58034
0.58523
0.58949
0.57842
0.59108
0.56944
0.56461
0.53682
0.5388
0.53715
0.52771
0.50439
0.49864
0.47425
0.46086
0.4594
0.45221
0.45351
0.4358
0.43102
0.41303
0.42501
0.38724
0.41072
0.39829
0.38626
0.38303
0.37616
0.37767
0.39077
0.36679
0.37733
0.38516
0.39208
0.38415
0.39204
0.36925
0.38219
0.39647
0.379
0.36096
0.36017
0.35495
0.36141
0.36217
0.33914
0.34539
0.32159
0.32321
0.32265
0.32432
0.30061
0.28614
0.27919
0.29185
0.26617
0.27936
0.24221
0.25685
0.26192
0.27121
0.29301
0.28621
0.28727
0.29136
0.31704
0.30378
0.33
0.33537
0.35825
0.3693
0.40344
0.4185
0.43589
0.44936
0.46743
0.48466
0.49555
0.5022
0.53696
0.54708
0.55343
0.56964
0.5567
0.54787
0.56527
0.55386
0.55891
0.56086
0.55084
0.5597
0.54771
0.54684
0.53221
0.52617
0.53011
0.53411
0.51553
0.50293
0.49834
0.49729
0.5003
0.49919
0.47174
0.46692
0.50049
0.48588
0.504
0.50556
0.50612
0.50785
0.51057
0.52898
0.52601
0.53433
0.55804
0.52453
0.54053
0.5499
0.55075
0.55659
0.55842
0.56622
0.57975
0.57105
0.56581
0.57424
0.56574
0.56088
0.54911
0.57146
0.563
0.55373
0.53051
0.53682
0.52323
0.52606
0.5105
0.53592
0.51518
0.49052
0.49878
0.51239
-
0.61881
0.61302
0.61762
0.60862
0.59475
0.60885
0.62844
0.61511
0.62991
0.60295
0.59007
0.60556
0.63369
0.62656
0.61333
0.64187
0.64303
0.65498
0.65423
0.68174
0.67048
0.68074
0.66887
0.67865
0.72262
0.71465
0.74643
0.70389
0.71916
0.73169
0.73158
0.73867
0.73929
0.70624
0.72466
0.73821
0.73819
0.72805
0.73764
0.71537
0.73219
0.74613
0.72695
0.76275
0.73294
0.77389
0.77977
0.75728
0.7721
0.80177
0.80697
0.78338
0.79132
0.81702
0.78453
0.79859
0.8173
0.78003
0.80199
0.76472
0.76551
0.77084
0.7597
0.73961
0.7335
0.74737
0.71265
0.72364
0.71679
0.68038
0.69072
0.66982
0.67638
0.66925
0.65569
0.66776
0.64543
0.65716
0.68852
0.66695
0.6999
0.67496
0.69083
0.67752
0.69586
0.67285
0.68684
0.70594
0.71787
0.72748
0.73607
0.7395
0.77533
0.77421
0.77738
0.77708
0.78448
0.79783
0.80386
0.8067
0.81311
0.81069
0.79571
0.78609
0.77888
0.78216
0.77658
0.79328
0.78845
0.77798
0.75092
0.76843
0.75827
0.74942
0.78438
0.77492
0.7892
0.78467
0.79614
0.80926
0.78885
0.8255
0.83658
0.82218
0.80318
0.82467
0.8347
0.80587
0.80776
0.84333
0.8194
0.8304
0.78586
0.81095
0.81839
0.80619
0.82442
0.78047
0.80351
0.79447
0.78037
0.79552
0.7917
0.80786
0.7887
0.79463
0.80487
0.79241
0.76716
0.78162
0.76059
0.76882
0.77282
0.7713
0.7382
0.75754
0.76767
0.75006
0.74975
0.72518
0.74498
0.73112
0.74075
0.73669
0.73996
0.77428
0.73515
0.76536
0.76762
0.75555
0.74151
0.72587
0.75635
0.74317
0.77938
0.75889
0.7657
0.77233
0.77593
0.75841
0.7723
0.77248
0.78587
0.7991
0.79507
0.8025
0.81538
0.83581
0.83004
0.83179
0.85689
0.86715
0.86066
0.86082
0.8727
0.9021
0.8751
0.89168
0.88287
0.89781
-
0.68095
0.68925
0.70265
0.69669
0.71734
0.69067
0.67967
0.6877
0.6944
0.69464
0.64899
0.66698
0.65552
0.64815
0.63329
0.63997
0.66164
0.63075
0.63869
0.63569
0.6353
0.61921
0.62115
0.59234
0.57762
0.57222
0.56904
0.56383
0.5796
0.55528
0.54972
0.56939
0.55852
0.57777
0.5849
0.58149
0.59976
0.60882
0.58789
0.59461
0.61391
0.6058
0.59808
0.58245
0.6109
0.59483
0.60823
0.60578
0.60269
0.6221
0.59867
0.62008
0.64237
0.62136
0.61982
0.59902
0.59027
0.59116
0.58549
0.57744
0.57616
0.57981
0.5716
0.58086
0.56507
0.56092
0.56077
0.56602
0.59247
0.61072
0.58909
0.57708
0.60322
0.61588
0.61334
0.60759
0.61054
0.60083
0.59489
0.59537
0.58802
0.62292
0.61642
0.64637
0.64852
0.63246
0.65589
0.64236
0.64407
0.65601
0.65414
0.64229
0.62708
0.61976
0.61599
0.62104
0.61334
0.61449
0.60955
0.62876
0.61195
0.61714
0.61843
0.61245
0.6238
0.62241
0.60423
0.61253
0.60045
0.60879
0.61674
0.60959
0.62328
0.6047
0.59871
0.63148
0.63277
0.64025
0.63554
0.66057
0.66388
0.65833
0.67556
0.68588
0.6563
0.66339
0.66443
0.66733
0.67077
0.67609
0.67628
0.66626
0.67884
0.68212
0.69207
0.68309
0.68213
0.68729
0.68104
0.69586
0.66585
0.64996
0.65374
0.64083
0.6492
0.63216
0.63875
0.64314
0.6619
0.65236
0.65152
0.65331
0.66678
0.66806
0.66355
0.65849
0.66004
0.68876
0.67505
0.68502
0.67837
0.68532
0.66364
0.67453
0.67282
0.69389
0.6831
0.70414
0.71525
0.68494
0.71571
0.71526
0.6995
0.69035
0.70628
0.70055
0.70305
0.69198
0.64691
0.68983
0.68557
0.69565
0.67515
0.69417
0.67028
0.7043
0.70161
0.70611
0.6854
0.69394
0.68618
0.6979
0.68404
0.68214
0.68015
0.67415
0.66238
0.66805
0.66064
0.63737
-
0.24575
0.24886
0.25268
0.26195
0.25513
0.26517
0.28656
0.29691
0.31691
0.32891
0.36279
0.35414
0.38522
0.39298
0.38703
0.39509
0.39936
0.39034
0.3834
0.38014
0.36812
0.37039
0.37552
0.37664
0.3816
0.38638
0.38698
0.38719
0.41014
0.40996
0.4206
0.41205
0.42224
0.40116
0.38713
0.37426
0.3489
0.33823
0.31028
0.31226
0.30209
0.30194
0.29783
0.30932
0.30595
0.31824
0.33201
0.35618
0.36358
0.36203
0.37411
0.37273
0.37382
0.36518
0.35746
0.35401
0.33666
0.31957
0.31244
0.30189
0.31045
0.29878
0.30389
0.30632
0.30919
0.30747
0.33003
0.33072
0.33317
0.32811
0.33832
0.32915
0.32001
0.322
0.30244
0.31128
0.30492
0.30294
0.30221
0.30947
0.31802
0.33086
0.34923
0.36047
0.35896
0.38587
0.38474
0.37266
0.38586
0.39217
0.35896
0.36929
0.3482
0.33289
0.33051
0.31633
0.31001
0.29635
0.30729
0.2994
0.32135
0.32952
0.33404
0.34142
0.35574
0.3636
0.3878
0.38886
0.39408
0.39351
0.37983
0.38589
0.36143
0.35085
0.35902
0.35168
0.35205
0.34711
0.35298
0.34643
0.34206
0.35642
0.36338
0.35061
0.36573
0.36694
0.35152
0.34477
0.34588
0.34946
0.31785
0.31012
0.30836
0.30588
0.30073
0.30494
0.30859
0.30594
0.31921
0.32878
0.33006
0.35142
0.35946
0.36272
0.37179
0.35605
0.35549
0.33576
0.32552
0.30502
0.28467
0.25019
0.252
0.23801
0.23714
0.24303
0.241
0.24808
0.26474
0.26869
0.28109
0.28818
0.30256
0.30119
0.29243
0.30293
0.28235
0.2988
0.27559
0.2697
0.26666
0.27063
0.26222
0.2676
0.26889
0.29727
0.29074
0.31553
0.32412
0.32929
0.32223
0.3263
0.33858
0.32781
0.31706
0.30419
0.30228
0.28566
0.28315
0.27747
0.27958
0.28676
0.29965
0.3171
0.32702
0.33309
0.36206
0.37619
0.3855
0.3877
-
0.3042
0.24237
0.24805
0.23487
0.23337
0.24306
0.23937
0.24347
0.29381
0.28681
0.29769
0.34757
0.33732
0.37025
0.37884
0.37267
0.39101
0.38452
0.37047
0.35398
0.37583
0.33641
0.33893
0.34129
0.3263
0.34659
0.34324
0.35849
0.37777
0.39198
0.40927
0.42611
0.44074
0.45096
0.44175
0.44514
0.44623
0.43076
0.41943
0.38724
0.3686
0.37076
0.33712
0.32376
0.29694
0.29389
0.2846
0.29476
0.31505
0.31141
0.34693
0.37009
0.37956
0.40865
0.43715
0.4579
0.47307
0.48578
0.48381
0.49428
0.47708
0.45628
0.45105
0.4505
0.41337
0.41187
0.40966
0.41396
0.41699
0.42226
0.4162
0.43672
0.45377
0.44828
0.47061
0.47378
0.47712
0.47079
0.45972
0.44938
0.4329
0.42426
0.40898
0.3862
0.38472
0.35893
0.35271
0.33598
0.356
0.36003
0.37726
0.38637
0.41303
0.44755
0.46168
0.47222
0.48389
0.49347
0.5135
0.49729
0.50664
0.47604
0.47351
0.46815
0.42476
0.40716
0.40317
0.39393
0.38732
0.38451
0.4044
0.40362
0.40707
0.41005
0.4365
0.45617
0.47124
0.49939
0.50778
0.50311
0.50236
0.50077
0.51071
0.4982
0.46505
0.47068
0.44797
0.4275
0.43772
0.44506
0.45464
0.45801
0.44634
0.49054
0.4919
0.50782
0.53327
0.52196
0.53647
0.53033
0.53483
0.52745
0.50674
0.50063
0.48555
0.44541
0.4323
0.41107
0.3912
0.39377
0.36824
0.37101
0.38477
0.38376
0.40496
0.42592
0.4637
0.48728
0.4946
0.52051
0.52245
0.52566
0.52602
0.52138
0.51156
0.49905
0.49537
0.48092
0.47039
0.44152
0.42463
0.43429
0.41489
0.41843
0.42997
0.45082
0.44212
0.46897
0.46683
0.48349
0.48034
0.4879
0.49441
0.49561
0.47674
0.47219
0.44186
0.43663
0.42661
0.41198
0.41008
0.4052
0.41267
0.41358
0.43922
0.46079
0.46429
0.5004
0.51568
0.54266
-
0.53475
0.51801
0.48264
0.46345
0.44163
0.40752
0.40658
0.43251
0.44058
0.4435
0.45469
0.48848
0.49812
0.49763
0.52018
0.50053
0.46282
0.45383
0.413
0.37459
0.35042
0.30198
0.28105
0.28253
0.28534
0.33232
0.32781
0.3651
0.41199
0.44273
0.45745
0.48107
0.48787
0.49618
0.4731
0.45371
0.43417
0.38975
0.36989
0.37911
0.3585
0.35819
0.38283
0.38133
0.40174
0.43376
0.44205
0.47486
0.4651
0.43862
0.43421
0.38451
0.35465
0.3359
0.3017
0.28722
0.28994
0.29885
0.30173
0.33601
0.37337
0.39797
0.46867
0.47697
0.49706
0.5224
0.52047
0.48608
0.47367
0.44154
0.42991
0.38637
0.37537
0.35804
0.3519
0.36156
0.36517
0.36521
0.3961
0.41943
0.42461
0.45258
0.4402
0.42007
0.39584
0.37783
0.33368
0.31758
0.3111
0.29268
0.28773
0.30258
0.3194
0.36689
0.40101
0.43476
0.46417
0.48481
0.49933
0.48724
0.47139
0.46813
0.43166
0.40314
0.35097
0.32952
0.30757
0.30149
0.32379
0.33184
0.33912
0.3651
0.39363
0.40888
0.43338
0.44015
0.4455
0.43335
0.43363
0.41188
0.39936
0.37637
0.37307
0.36582
0.37271
0.39323
0.42233
0.46835
0.48918
0.52107
0.54705
0.56204
0.56432
0.5525
0.54016
0.50625
0.46666
0.43923
0.40518
0.38265
0.36429
0.36801
0.3602
0.39728
0.41245
0.44882
0.45789
0.4963
0.53188
0.51535
0.52642
0.52226
0.50206
0.48829
0.45952
0.45652
0.43976
0.45194
0.45672
0.46576
0.49948
0.53219
0.56578
0.58793
0.57905
0.58487
0.5898
0.56777
0.52718
0.49595
0.43127
0.41636
0.39802
0.36157
0.35571
0.37659
0.3886
0.42221
0.44522
0.48805
0.52607
0.5437
0.56079
0.57834
0.56196
0.54789
0.54102
0.50434
0.50393
0.48564
0.47813
0.48496
0.48003
0.50577
0.52389
0.55278
0.57487
0.59847
0.60034
0.59669
-
0.38388
0.37913
0.3852
0.36836
0.38063
0.38708
0.38451
0.39069
0.40437
0.4204
0.42645
0.44682
0.46962
0.45959
0.51415
0.50381
0.50862
0.50749
0.52947
0.54694
0.54928
0.54152
0.53744
0.55138
0.53118
0.51032
0.53304
0.53491
0.527
0.5103
0.498
0.4916
0.49377
0.49032
0.48765
0.48741
0.49748
0.48735
0.4909
0.49974
0.49576
0.48795
0.49121
0.4973
0.49833
0.50469
0.5025
0.50985
0.50521
0.50568
0.49193
0.494
0.48405
0.48398
0.49187
0.45448
0.4623
0.44085
0.43413
0.4428
0.43025
0.4106
0.42978
0.40192
0.40366
0.40249
0.41219
0.42448
0.42509
0.45721
0.44777
0.47698
0.4866
0.46931
0.50444
0.51162
0.51811
0.52106
0.53335
0.53762
0.55036
0.53594
0.54592
0.52756
0.52891
0.53266
0.5227
0.50728
0.50089
0.51386
0.49936
0.48989
0.4988
0.49303
0.48507
0.50941
0.51069
0.5171
0.50761
0.51358
0.52913
0.54799
0.55468
0.54908
0.57087
0.58871
0.59127
0.56486
0.58834
0.56805
0.56776
0.55886
0.56521
0.55655
0.53927
0.5395
0.52154
0.5048
0.50295
0.48455
0.47673
0.45621
0.45511
0.4401
0.44582
0.43287
0.43676
0.44665
0.43929
0.46013
0.44592
0.48
0.48079
0.49562
0.50399
0.52105
0.52552
0.5245
0.5401
0.55394
0.55952
0.57352
0.56784
0.55899
0.58271
0.55973
0.5702
0.57225
0.55798
0.5622
0.55994
0.56064
0.57369
0.55032
0.54296
0.54262
0.5627
0.55656
0.57494
0.57554
0.57319
0.57692
0.5741
0.57392
0.58037
0.57365
0.56835
0.56432
0.5693
0.55456
0.53336
0.52605
0.50716
0.50589
0.48194
0.46323
0.44574
0.42898
0.40072
0.391
0.35753
0.36876
0.34801
0.34091
0.33347
0.32912
0.3338
0.33958
0.32701
0.34787
0.35993
0.35604
0.35125
0.37417
0.39586
0.4022
0.40112
0.41809
0.39978
0.4247
-
0.47771
0.49639
0.49995
0.52035
0.5356
0.54574
0.54416
0.56066
0.5681
0.55213
0.56226
0.55578
0.55187
0.55233
0.54065
0.52271
0.52862
0.52709
0.52308
0.50797
0.50978
0.52286
0.50314
0.49666
0.49362
0.51923
0.52181
0.52123
0.52942
0.53616
0.53495
0.5322
0.5493
0.55921
0.58138
0.57855
0.60918
0.62559
0.61455
0.60531
0.62646
0.63123
0.6252
0.60877
0.63948
0.61257
0.60846
0.60213
0.57799
0.57088
0.55568
0.53955
0.52907
0.52385
0.50545
0.493
0.45472
0.46708
0.4429
0.44241
0.45143
0.43647
0.42784
0.44364
0.42778
0.4389
0.42313
0.43966
0.45176
0.46307
0.45822
0.44824
0.47451
0.48351
0.48398
0.49323
0.51625
0.51032
0.51327
0.52556
0.53181
0.511
0.52532
0.53917
0.53082
0.53391
0.51933
0.54725
0.54471
0.53734
0.53665
0.55108
0.55537
0.55592
0.54872
0.56108
0.5659
0.58337
0.58493
0.59189
0.59651
0.59582
0.62328
0.60984
0.61268
0.62793
0.62509
0.60038
0.6194
0.60891
0.60836
0.60481
0.59125
0.59776
0.57845
0.55093
0.54985
0.53734
0.52748
0.502
0.4967
0.50803
0.45809
0.47941
0.43927
0.434
0.43527
0.43687
0.4429
0.45203
0.41504
0.43345
0.43845
0.44183
0.47063
0.45273
0.44999
0.46763
0.47093
0.47634
0.48059
0.48474
0.4854
0.4883
0.48887
0.48515
0.50083
0.48551
0.50637
0.49317
0.49242
0.50481
0.52381
0.50316
0.50497
0.51191
0.51943
0.52912
0.53364
0.54375
0.53012
0.551
0.56104
0.57182
0.57807
0.58744
0.59685
0.60442
0.61762
0.60502
0.61877
0.62136
0.62152
0.62172
0.62244
0.6524
0.62582
0.63686
0.61404
0.62012
0.58795
0.57129
0.59753
0.5868
0.55935
0.56143
0.53589
0.53671
0.53278
0.51143
0.50462
0.50544
0.51993
0.52304
0.50333
0.50913
0.52134
0.51754
0.53731
0.5419
