-
0.46
0.45
0.45
0.49
0.50
0.54
0.55
0.55
0.57
0.55
0.53
0.50
0.47
0.42
0.36
0.36
0.35
0.34
0.38
0.42
0.43
0.49
0.50
0.51
0.54
0.53
0.53
0.47
0.45
0.41
0.36
0.38
0.38
0.39
0.41
0.43
0.47
0.50
0.53
0.54
0.51
0.50
0.50
0.49
0.45
0.39
0.35
0.35
0.34
0.35
0.38
0.39
0.42
0.46
0.47
0.49
0.50
0.47
0.46
0.43
0.39
0.36
0.31
0.28
0.31
0.31
0.34
0.36
0.42
0.45
0.46
0.45
0.43
0.41
0.39
0.39
0.35
0.31
0.27
0.24
0.24
0.24
0.30
0.32
0.39
0.41
0.43
0.45
0.43
0.42
0.41
0.39
0.36
0.32
0.30
0.26
0.24
0.26
0.28
0.32
0.35
0.38
0.41
0.46
0.47
0.45
0.47
0.45
0.43
0.39
0.35
0.32
0.31
0.30
0.31
0.32
0.38
0.45
0.47
0.50
0.51
0.49
0.47
0.46
0.45
0.39
0.36
0.32
0.31
0.31
0.34
0.36
0.38
0.43
0.45
0.49
0.49
0.49
0.47
0.43
0.43
0.39
0.35
0.32
0.28
0.28
0.32
0.35
0.41
0.42
0.47
0.50
0.50
0.49
0.46
0.45
0.43
0.41
0.36
0.32
0.28
0.28
0.28
0.30
0.32
0.38
0.39
0.43
0.45
0.46
0.47
0.46
0.45
0.39
0.36
0.35
0.32
0.32
0.32
0.35
0.38
0.42
0.45
0.46
0.47
0.49
0.47
0.45
0.41
0.36
0.34
0.31
0.28
0.28
0.28
0.31
0.34
0.41
0.42
0.47
-
0.47
0.49
0.54
0.59
0.62
0.62
0.64
0.61
0.59
0.57
0.54
0.51
0.46
0.42
0.39
0.39
0.41
0.42
0.47
0.51
0.53
0.54
0.54
0.53
0.50
0.49
0.46
0.43
0.41
0.39
0.36
0.39
0.42
0.43
0.47
0.49
0.53
0.54
0.53
0.53
0.51
0.50
0.47
0.42
0.39
0.38
0.38
0.41
0.47
0.51
0.55
0.55
0.55
0.57
0.54
0.51
0.50
0.47
0.43
0.41
0.36
0.35
0.38
0.41
0.45
0.50
0.54
0.55
0.58
0.55
0.50
0.49
0.43
0.41
0.36
0.32
0.32
0.35
0.41
0.46
0.47
0.49
0.53
0.54
0.54
0.51
0.50
0.45
0.41
0.36
0.35
0.34
0.39
0.42
0.46
0.47
0.49
0.53
0.51
0.50
0.49
0.45
0.41
0.36
0.34
0.31
0.31
0.31
0.34
0.38
0.43
0.47
0.49
0.51
0.51
0.50
0.46
0.43
0.41
0.36
0.34
0.32
0.31
0.34
0.38
0.43
0.50
0.51
0.53
0.51
0.53
0.50
0.50
0.46
0.43
0.38
0.36
0.36
0.39
0.45
0.49
0.54
0.57
0.58
0.55
0.53
0.50
0.46
0.43
0.39
0.36
0.36
0.39
0.41
0.42
0.46
0.51
0.54
0.55
0.57
0.55
0.53
0.47
0.46
0.42
0.38
0.36
0.34
0.34
0.36
0.41
0.43
0.49
0.50
0.51
0.51
0.49
0.45
0.45
0.42
0.39
0.35
0.35
0.34
0.34
0.35
0.41
0.46
0.47
0.47
0.46
0.45
0.46
0.42
0.38
0.34
0.30
0.26
0.23
0.26
-
0.26
0.26
0.26
0.23
0.26
0.28
0.31
0.36
0.42
0.43
0.43
0.43
0.42
0.39
0.35
0.32
0.28
0.26
0.27
0.27
0.31
0.35
0.39
0.45
0.49
0.50
0.53
0.51
0.50
0.49
0.47
0.39
0.36
0.32
0.32
0.35
0.38
0.41
0.46
0.50
0.51
0.50
0.51
0.53
0.50
0.46
0.45
0.41
0.36
0.32
0.31
0.31
0.34
0.36
0.41
0.50
0.54
0.57
0.58
0.58
0.57
0.51
0.46
0.42
0.38
0.38
0.36
0.39
0.42
0.46
0.50
0.55
0.57
0.57
0.54
0.53
0.50
0.47
0.42
0.38
0.36
0.35
0.36
0.41
0.45
0.46
0.50
0.53
0.53
0.51
0.50
0.45
0.41
0.39
0.32
0.30
0.30
0.28
0.31
0.34
0.36
0.41
0.46
0.50
0.49
0.49
0.47
0.43
0.39
0.32
0.32
0.30
0.30
0.32
0.38
0.42
0.47
0.53
0.53
0.54
0.51
0.50
0.46
0.42
0.41
0.36
0.35
0.32
0.35
0.38
0.43
0.49
0.53
0.53
0.55
0.55
0.53
0.50
0.46
0.43
0.41
0.36
0.38
0.39
0.42
0.46
0.54
0.57
0.58
0.59
0.57
0.54
0.51
0.49
0.46
0.42
0.38
0.34
0.34
0.36
0.41
0.46
0.50
0.54
0.55
0.55
0.54
0.51
0.46
0.43
0.35
0.32
0.30
0.28
0.28
0.34
0.39
0.43
0.45
0.46
0.47
0.46
0.46
0.47
0.42
0.38
0.34
0.34
0.34
0.34
0.35
0.38
0.43
0.47
0.50
0.51
0.49
0.49
0.47
0.46
-
0.43
0.47
0.46
0.45
0.41
0.39
0.35
0.35
0.36
0.39
0.43
0.47
0.53
0.57
0.58
0.59
0.58
0.58
0.55
0.50
0.45
0.43
0.38
0.39
0.42
0.51
0.55
0.59
0.64
0.66
0.66
0.68
0.64
0.61
0.55
0.50
0.47
0.43
0.47
0.50
0.51
0.55
0.55
0.59
0.61
0.61
0.59
0.58
0.54
0.51
0.47
0.47
0.42
0.39
0.36
0.42
0.47
0.51
0.54
0.57
0.57
0.58
0.55
0.54
0.51
0.46
0.39
0.36
0.36
0.35
0.38
0.41
0.46
0.50
0.53
0.54
0.54
0.53
0.51
0.53
0.49
0.46
0.45
0.43
0.46
0.46
0.54
0.58
0.61
0.62
0.62
0.59
0.55
0.51
0.46
0.45
0.41
0.36
0.35
0.38
0.43
0.47
0.51
0.53
0.54
0.51
0.50
0.47
0.46
0.43
0.39
0.38
0.34
0.32
0.32
0.35
0.38
0.41
0.43
0.45
0.47
0.49
0.46
0.45
0.42
0.36
0.36
0.32
0.34
0.39
0.43
0.47
0.51
0.57
0.55
0.54
0.51
0.49
0.46
0.42
0.38
0.34
0.34
0.34
0.36
0.42
0.49
0.53
0.57
0.57
0.57
0.57
0.55
0.53
0.51
0.49
0.43
0.41
0.39
0.41
0.43
0.46
0.53
0.57
0.58
0.58
0.55
0.53
0.51
0.51
0.49
0.45
0.42
0.41
0.42
0.47
0.51
0.55
0.58
0.57
0.55
0.53
0.50
0.50
0.49
0.45
0.39
0.35
0.31
0.32
0.36
0.41
0.45
0.51
0.54
0.54
0.55
0.54
0.51
0.47
-
0.47
0.49
0.47
0.46
0.45
0.43
0.43
0.41
0.38
0.35
0.35
0.38
0.43
0.49
0.53
0.54
0.54
0.58
0.55
0.54
0.49
0.45
0.38
0.34
0.31
0.31
0.34
0.36
0.42
0.49
0.53
0.53
0.54
0.55
0.54
0.50
0.49
0.42
0.38
0.35
0.32
0.35
0.36
0.41
0.46
0.54
0.55
0.55
0.54
0.51
0.49
0.45
0.41
0.34
0.32
0.28
0.27
0.28
0.34
0.38
0.42
0.46
0.49
0.50
0.47
0.49
0.45
0.41
0.35
0.35
0.32
0.31
0.34
0.36
0.42
0.47
0.51
0.53
0.51
0.53
0.51
0.49
0.43
0.38
0.34
0.32
0.31
0.34
0.35
0.38
0.46
0.47
0.49
0.51
0.49
0.46
0.45
0.46
0.39
0.38
0.32
0.34
0.36
0.38
0.41
0.45
0.49
0.50
0.49
0.50
0.47
0.46
0.45
0.41
0.36
0.36
0.34
0.32
0.35
0.38
0.43
0.47
0.49
0.50
0.51
0.49
0.45
0.41
0.34
0.30
0.26
0.26
0.24
0.28
0.31
0.35
0.42
0.46
0.46
0.46
0.47
0.45
0.42
0.38
0.34
0.31
0.28
0.28
0.30
0.36
0.42
0.51
0.54
0.55
0.57
0.57
0.54
0.51
0.49
0.45
0.38
0.34
0.30
0.30
0.32
0.35
0.41
0.46
0.47
0.49
0.50
0.49
0.47
0.43
0.43
0.39
0.35
0.31
0.28
0.27
0.31
0.35
0.38
0.43
0.49
0.50
0.51
0.49
0.46
0.42
0.38
0.31
0.28
0.28
0.28
0.32
0.35
0.41
0.45
0.47
-
0.54
0.57
0.59
0.61
0.64
0.61
0.57
0.55
0.53
0.49
0.47
0.43
0.42
0.41
0.43
0.45
0.50
0.55
0.57
0.59
0.59
0.57
0.53
0.51
0.50
0.43
0.41
0.39
0.39
0.41
0.45
0.49
0.53
0.57
0.58
0.59
0.59
0.55
0.54
0.53
0.46
0.42
0.41
0.42
0.45
0.46
0.51
0.55
0.59
0.59
0.59
0.58
0.55
0.53
0.51
0.46
0.42
0.41
0.39
0.41
0.43
0.49
0.55
0.58
0.61
0.62
0.59
0.57
0.54
0.49
0.45
0.39
0.38
0.38
0.36
0.39
0.45
0.49
0.54
0.54
0.57
0.61
0.59
0.57
0.57
0.53
0.47
0.43
0.43
0.42
0.43
0.46
0.50
0.55
0.59
0.59
0.64
0.61
0.58
0.55
0.51
0.46
0.42
0.39
0.38
0.41
0.43
0.49
0.53
0.57
0.57
0.57
0.58
0.55
0.57
0.49
0.43
0.39
0.42
0.41
0.39
0.42
0.47
0.51
0.54
0.54
0.55
0.53
0.50
0.49
0.43
0.39
0.35
0.31
0.30
0.30
0.32
0.41
0.46
0.51
0.53
0.54
0.54
0.55
0.53
0.54
0.53
0.47
0.43
0.39
0.38
0.36
0.39
0.41
0.46
0.51
0.55
0.57
0.59
0.55
0.51
0.50
0.45
0.39
0.36
0.35
0.36
0.39
0.43
0.49
0.53
0.57
0.58
0.57
0.54
0.51
0.50
0.51
0.46
0.42
0.39
0.39
0.38
0.41
0.46
0.50
0.54
0.57
0.57
0.55
0.53
0.54
0.51
0.50
0.46
0.41
0.36
0.32
0.35
0.38
-
0.36
0.36
0.36
0.41
0.45
0.49
0.54
0.55
0.55
0.57
0.54
0.51
0.49
0.47
0.43
0.39
0.35
0.35
0.38
0.42
0.49
0.53
0.54
0.57
0.55
0.55
0.55
0.55
0.50
0.49
0.45
0.45
0.42
0.43
0.47
0.51
0.55
0.59
0.59
0.61
0.58
0.57
0.51
0.47
0.41
0.36
0.35
0.34
0.35
0.38
0.42
0.46
0.51
0.53
0.51
0.54
0.53
0.51
0.49
0.45
0.38
0.35
0.32
0.32
0.35
0.38
0.41
0.46
0.49
0.51
0.55
0.54
0.53
0.50
0.49
0.46
0.43
0.39
0.42
0.41
0.45
0.49
0.53
0.57
0.59
0.58
0.55
0.57
0.53
0.49
0.46
0.42
0.43
0.39
0.39
0.41
0.45
0.49
0.53
0.57
0.59
0.57
0.55
0.53
0.50
0.47
0.43
0.39
0.34
0.34
0.32
0.34
0.38
0.41
0.43
0.49
0.51
0.51
0.51
0.47
0.47
0.46
0.42
0.41
0.39
0.35
0.38
0.39
0.42
0.47
0.51
0.55
0.58
0.58
0.58
0.55
0.53
0.49
0.43
0.42
0.38
0.36
0.39
0.41
0.46
0.51
0.57
0.61
0.62
0.62
0.59
0.57
0.55
0.50
0.49
0.46
0.45
0.41
0.43
0.45
0.49
0.54
0.59
0.64
0.62
0.62
0.59
0.57
0.51
0.47
0.42
0.38
0.36
0.42
0.45
0.50
0.51
0.55
0.58
0.59
0.59
0.61
0.58
0.53
0.49
0.43
0.39
0.42
0.39
0.42
0.46
0.50
0.55
0.58
0.61
0.62
0.59
0.58
0.57
0.50