-
0.29
0.29
0.31
0.26
0.29
0.29
0.29
0.31
0.33
0.33
0.33
0.33
0.36
0.33
0.31
0.29
0.31
0.33
0.33
0.33
0.36
0.33
0.33
0.36
0.38
0.40
0.43
0.45
0.48
0.50
0.52
0.55
0.52
0.55
0.55
0.52
0.55
0.52
0.52
0.50
0.50
0.52
0.50
0.50
0.48
0.45
0.48
0.48
0.50
0.50
0.48
0.48
0.50
0.52
0.50
0.50
0.48
0.48
0.43
0.43
0.43
0.43
0.43
0.43
0.48
0.48
0.48
0.48
0.45
0.48
0.48
0.45
0.45
0.48
0.45
0.48
0.50
0.50
0.45
0.45
0.48
0.48
0.48
0.50
0.48
0.50
0.48
0.45
0.48
0.48
0.48
0.48
0.48
0.50
0.52
0.52
0.50
0.50
0.48
0.48
0.45
0.45
0.45
0.43
0.43
0.43
0.40
0.40
0.43
0.45
0.45
0.45
0.45
0.43
0.43
0.40
0.40
0.43
0.43
0.40
0.40
0.40
0.43
0.45
0.45
0.45
0.43
0.43
0.45
0.43
0.43
0.40
0.38
0.40
0.40
0.40
0.43
0.40
0.43
0.45
0.43
0.43
0.40
0.43
0.43
0.40
0.40
0.40
0.40
0.40
0.38
0.38
0.38
0.38
0.38
0.40
0.40
0.43
0.43
0.45
0.45
0.48
0.48
0.50
0.50
0.52
0.55
0.55
0.52
0.50
0.50
0.48
0.48
0.48
0.48
0.48
0.48
0.48
0.50
0.50
0.48
0.48
0.45
0.43
0.48
0.45
0.43
0.45
0.43
0.43
0.40
0.40
0.40
0.38
0.38
0.38
0.36
0.38
0.38
0.38
-
0.38
0.38
0.38
0.38
0.33
0.33
0.33
0.33
0.33
0.31
0.29
0.26
0.24
0.24
0.21
0.21
0.19
0.21
0.21
0.26
0.26
0.26
0.29
0.33
0.33
0.33
0.36
0.38
0.40
0.40
0.43
0.43
0.45
0.45
0.48
0.52
0.55
0.55
0.57
0.57
0.60
0.60
0.57
0.57
0.57
0.60
0.57
0.55
0.60
0.62
0.64
0.60
0.60
0.60
0.60
0.60
0.60
0.60
0.57
0.57
0.57
0.57
0.60
0.57
0.57
0.57
0.57
0.57
0.60
0.60
0.57
0.55
0.55
0.55
0.57
0.57
0.57
0.55
0.57
0.57
0.55
0.57
0.57
0.60
0.57
0.55
0.55
0.52
0.55
0.55
0.52
0.52
0.50
0.48
0.50
0.50
0.52
0.50
0.48
0.48
0.50
0.52
0.52
0.55
0.55
0.55
0.55
0.55
0.55
0.57
0.57
0.57
0.57
0.55
0.57
0.55
0.55
0.55
0.55
0.57
0.57
0.57
0.55
0.57
0.60
0.60
0.62
0.62
0.62
0.62
0.62
0.62
0.60
0.60
0.60
0.60
0.62
0.60
0.62
0.62
0.57
0.55
0.52
0.52
0.50
0.50
0.52
0.52
0.52
0.55
0.52
0.50
0.52
0.52
0.52
0.55
0.55
0.55
0.55
0.55
0.57
0.57
0.57
0.57
0.57
0.57
0.60
0.60
0.62
0.62
0.60
0.62
0.62
0.62
0.60
0.60
0.60
0.62
0.60
0.62
0.62
0.64
0.64
0.64
0.62
0.60
0.62
0.62
0.62
0.62
0.64
0.64
0.62
0.62
0.60
0.60
0.60
0.60
0.60
0.60
-
0.57
0.55
0.52
0.52
0.50
0.50
0.48
0.45
0.43
0.43
0.40
0.38
0.38
0.38
0.36
0.36
0.36
0.40
0.43
0.43
0.40
0.45
0.43
0.43
0.45
0.45
0.48
0.50
0.52
0.57
0.57
0.60
0.60
0.60
0.60
0.60
0.60
0.60
0.62
0.64
0.67
0.67
0.67
0.69
0.69
0.69
0.67
0.67
0.67
0.67
0.67
0.69
0.64
0.64
0.67
0.67
0.67
0.69
0.69
0.74
0.71
0.74
0.71
0.74
0.74
0.71
0.71
0.71
0.71
0.71
0.71
0.71
0.69
0.69
0.69
0.67
0.67
0.64
0.67
0.69
0.69
0.71
0.74
0.74
0.76
0.76
0.74
0.71
0.71
0.71
0.71
0.71
0.71
0.71
0.71
0.69
0.69
0.67
0.67
0.67
0.67
0.67
0.67
0.67
0.69
0.67
0.67
0.67
0.67
0.67
0.67
0.62
0.62
0.62
0.62
0.62
0.64
0.64
0.64
0.64
0.64
0.67
0.67
0.67
0.67
0.64
0.67
0.71
0.69
0.69
0.69
0.69
0.69
0.69
0.69
0.69
0.71
0.71
0.71
0.69
0.67
0.67
0.67
0.69
0.67
0.67
0.64
0.64
0.64
0.64
0.67
0.67
0.67
0.67
0.67
0.69
0.71
0.71
0.74
0.74
0.74
0.71
0.71
0.71
0.71
0.71
0.71
0.71
0.71
0.71
0.69
0.69
0.67
0.64
0.62
0.60
0.62
0.60
0.60
0.62
0.64
0.69
0.69
0.69
0.69
0.71
0.74
0.71
0.71
0.71
0.74
0.74
0.74
0.74
0.76
0.71
0.71
0.74
0.74
0.71
-
0.69
0.64
0.69
0.64
0.62
0.60
0.57
0.55
0.55
0.52
0.50
0.45
0.45
0.43
0.40
0.43
0.43
0.45
0.48
0.50
0.52
0.55
0.57
0.57
0.57
0.60
0.62
0.62
0.62
0.62
0.62
0.67
0.67
0.69
0.71
0.74
0.71
0.74
0.76
0.76
0.76
0.76
0.76
0.79
0.79
0.79
0.79
0.76
0.76
0.76
0.74
0.76
0.74
0.74
0.71
0.71
0.74
0.74
0.76
0.74
0.74
0.76
0.71
0.69
0.71
0.71
0.71
0.74
0.76
0.76
0.76
0.79
0.76
0.79
0.81
0.79
0.79
0.81
0.81
0.81
0.81
0.81
0.81
0.83
0.83
0.83
0.81
0.83
0.81
0.79
0.79
0.76
0.79
0.81
0.83
0.83
0.83
0.81
0.81
0.81
0.83
0.86
0.86
0.81
0.83
0.83
0.86
0.83
0.86
0.83
0.83
0.83
0.83
0.83
0.81
0.81
0.81
0.81
0.81
0.81
0.81
0.83
0.86
0.83
0.86
0.86
0.83
0.83
0.81
0.81
0.81
0.81
0.83
0.81
0.79
0.76
0.76
0.79
0.79
0.79
0.79
0.79
0.79
0.79
0.81
0.83
0.81
0.83
0.81
0.81
0.81
0.81
0.79
0.79
0.76
0.76
0.76
0.76
0.79
0.79
0.81
0.81
0.83
0.83
0.86
0.83
0.83
0.86
0.86
0.86
0.88
0.88
0.88
0.86
0.83
0.83
0.83
0.83
0.81
0.81
0.79
0.81
0.79
0.76
0.79
0.81
0.79
0.79
0.81
0.81
0.83
0.86
0.83
0.81
0.83
0.86
0.86
0.88
0.86
0.86
-
0.81
0.76
0.74
0.71
0.67
0.64
0.57
0.55
0.52
0.50
0.48
0.50
0.48
0.45
0.45
0.45
0.48
0.48
0.50
0.52
0.55
0.55
0.57
0.60
0.60
0.60
0.64
0.62
0.62
0.64
0.64
0.67
0.69
0.74
0.74
0.76
0.79
0.79
0.81
0.79
0.79
0.79
0.79
0.76
0.76
0.79
0.76
0.74
0.76
0.79
0.81
0.81
0.79
0.81
0.83
0.83
0.81
0.79
0.79
0.79
0.79
0.76
0.79
0.79
0.81
0.81
0.81
0.81
0.83
0.86
0.83
0.86
0.88
0.86
0.86
0.86
0.86
0.88
0.86
0.83
0.81
0.79
0.76
0.79
0.76
0.79
0.79
0.83
0.83
0.81
0.81
0.83
0.83
0.83
0.81
0.81
0.81
0.83
0.81
0.81
0.81
0.83
0.83
0.81
0.81
0.81
0.81
0.79
0.79
0.79
0.79
0.79
0.79
0.79
0.81
0.81
0.81
0.79
0.79
0.79
0.79
0.79
0.81
0.81
0.76
0.76
0.76
0.76
0.79
0.79
0.79
0.76
0.79
0.81
0.79
0.81
0.79
0.79
0.79
0.79
0.79
0.76
0.79
0.79
0.81
0.79
0.79
0.79
0.79
0.76
0.79
0.79
0.81
0.81
0.79
0.81
0.81
0.83
0.83
0.83
0.83
0.81
0.81
0.81
0.79
0.81
0.83
0.81
0.83
0.81
0.79
0.83
0.86
0.83
0.86
0.86
0.86
0.88
0.88
0.86
0.86
0.86
0.83
0.83
0.81
0.83
0.86
0.83
0.81
0.83
0.83
0.86
0.83
0.81
0.86
0.81
0.83
0.83
0.81
0.81

-
0.79
0.74
0.71
0.64
0.60
0.60
0.52
0.52
0.48
0.45
0.40
0.40
0.40
0.43
0.48
0.50
0.55
0.57
0.62
0.64
0.64
0.67
0.67
0.67
0.69
0.74
0.76
0.76
0.76
0.76
0.74
0.76
0.79
0.81
0.79
0.81
0.81
0.83
0.81
0.81
0.81
0.79
0.79
0.81
0.83
0.83
0.83
0.81
0.81
0.79
0.81
0.79
0.81
0.81
0.83
0.81
0.81
0.81
0.79
0.81
0.81
0.83
0.83
0.83
0.83
0.83
0.81
0.79
0.81
0.83
0.81
0.79
0.81
0.81
0.81
0.79
0.79
0.79
0.81
0.81
0.81
0.81
0.81
0.81
0.79
0.79
0.79
0.79
0.81
0.83
0.81
0.81
0.81
0.81
0.81
0.79
0.79
0.79
0.79
0.79
0.79
0.76
0.79
0.81
0.81
0.81
0.81
0.76
0.76
0.81
0.79
0.79
0.79
0.76
0.79
0.76
0.76
0.76
0.76
0.79
0.81
0.81
0.83
0.83
0.86
0.83
0.83
0.83
0.83
0.81
0.81
0.81
0.83
0.83
0.83
0.83
0.81
0.81
0.83
0.83
0.81
0.83
0.81
0.81
0.79
0.81
0.81
0.81
0.79
0.79
0.79
0.76
0.76
0.76
0.76
0.76
0.79
0.74
0.76
0.76
0.74
0.76
0.79
0.76
0.76
0.71
0.71
0.71
0.71
0.71
0.71
0.71
0.71
0.71
0.69
0.69
0.71
0.69
0.69
0.69
0.69
0.69
0.69
0.67
0.69
0.69
0.69
0.69
0.69
0.67
0.67
0.67
0.69
0.69
0.69
0.67
0.64
0.67
0.67
0.67
-
0.67
0.64
0.62
0.60
0.60
0.57
0.60
0.60
0.64
0.64
0.67
0.69
0.71
0.74
0.76
0.76
0.76
0.76
0.79
0.79
0.79
0.76
0.81
0.79
0.81
0.83
0.83
0.81
0.83
0.83
0.81
0.81
0.83
0.83
0.86
0.86
0.83
0.86
0.86
0.86
0.86
0.88
0.86
0.86
0.83
0.83
0.86
0.83
0.83
0.81
0.81
0.81
0.83
0.83
0.83
0.81
0.79
0.79
0.76
0.76
0.79
0.79
0.76
0.79
0.81
0.81
0.81
0.83
0.79
0.79
0.79
0.79
0.81
0.83
0.81
0.79
0.81
0.81
0.79
0.83
0.83
0.86
0.83
0.83
0.83
0.81
0.81
0.81
0.83
0.83
0.81
0.81
0.79
0.76
0.76
0.79
0.79
0.79
0.81
0.83
0.81
0.81
0.81
0.83
0.86
0.86
0.88
0.90
0.88
0.86
0.83
0.81
0.81
0.79
0.79
0.79
0.79
0.79
0.79
0.79
0.79
0.79
0.79
0.79
0.74
0.74
0.76
0.76
0.81
0.79
0.81
0.83
0.81
0.79
0.81
0.81
0.81
0.83
0.86
0.83
0.86
0.86
0.88
0.86
0.86
0.86
0.83
0.86
0.86
0.88
0.88
0.86
0.86
0.83
0.86
0.83
0.83
0.81
0.81
0.81
0.81
0.81
0.81
0.81
0.81
0.81
0.83
0.83
0.83
0.83
0.86
0.81
0.81
0.81
0.81
0.81
0.81
0.76
0.76
0.74
0.74
0.79
0.79
0.81
0.81
0.79
0.81
0.79
0.81
0.83
0.83
0.83
0.83
0.86
0.86
0.86
0.86
0.83
0.86
0.83
