-
1
0.993006993006993
0.958041958041958
0.951048951048951
0.909090909090909
0.874125874125874
0.846153846153846
0.839160839160839
0.804195804195804
0.769230769230769
0.734265734265734
0.706293706293706
0.685314685314685
0.664335664335664
0.629370629370629
0.608391608391608
0.594405594405594
0.573426573426573
0.524475524475525
0.510489510489511
0.496503496503497
0.503496503496504
0.489510489510490
0.475524475524476
0.468531468531469
0.461538461538462
0.454545454545455
0.440559440559441
0.419580419580420
0.405594405594406
0.363636363636364
0.349650349650350
0.342657342657343
0.335664335664336
0.328671328671329
0.342657342657343
0.314685314685315
0.300699300699301
0.293706293706294
0.279720279720280
0.286713286713287
0.258741258741259
0.258741258741259
0.279720279720280
0.251748251748252
0.251748251748252
0.258741258741259
0.279720279720280
0.272727272727273
0.272727272727273
0.265734265734266
0.265734265734266
0.258741258741259
0.251748251748252
0.251748251748252
0.244755244755245
0.216783216783217
0.251748251748252
0.209790209790210
0.216783216783217
0.223776223776224
0.223776223776224
0.202797202797203
0.202797202797203
0.202797202797203
0.195804195804196
0.202797202797203
0.195804195804196
0.202797202797203
0.195804195804196
0.195804195804196
0.195804195804196
0.160839160839161
0.160839160839161
0.132867132867133
0.132867132867133
0.125874125874126
0.132867132867133
0.125874125874126
0.132867132867133
0.139860139860140
0.167832167832168
0.167832167832168
0.160839160839161
0.132867132867133
0.139860139860140
0.139860139860140
0.146853146853147
0.125874125874126
0.132867132867133
0.132867132867133
0.132867132867133
0.132867132867133
0.132867132867133
0.139860139860140
0.146853146853147
0.153846153846154
0.160839160839161
0.160839160839161
0.160839160839161
0.160839160839161
0.153846153846154
0.160839160839161
0.167832167832168
0.167832167832168
0.167832167832168
0.167832167832168
0.174825174825175
0.167832167832168
0.174825174825175
0.146853146853147
0.146853146853147
0.118881118881119
0.125874125874126
0.0979020979020979
0.111888111888112
0.118881118881119
0.125874125874126
0.125874125874126
0.139860139860140
0.146853146853147
0.146853146853147
0.146853146853147
0.153846153846154
0.146853146853147
0.153846153846154
0.160839160839161
0.160839160839161
0.139860139860140
0.139860139860140
0.139860139860140
0.146853146853147
0.153846153846154
0.181818181818182
0.188811188811189
0.188811188811189
0.195804195804196
0.216783216783217
0.216783216783217
0.223776223776224
0.216783216783217
0.216783216783217
0.188811188811189
0.188811188811189
0.188811188811189
0.188811188811189
0.195804195804196
0.195804195804196
0.188811188811189
0.181818181818182
0.181818181818182
0.181818181818182
0.174825174825175
0.174825174825175
0.146853146853147
0.174825174825175
0.174825174825175
0.181818181818182
0.174825174825175
0.181818181818182
0.188811188811189
0.209790209790210
0.216783216783217
0.216783216783217
0.216783216783217
0.209790209790210
0.209790209790210
0.216783216783217
0.216783216783217
0.209790209790210
0.181818181818182
0.188811188811189
0.181818181818182
0.209790209790210
0.188811188811189
0.209790209790210
0.174825174825175
0.181818181818182
0.146853146853147
0.146853146853147
0.146853146853147
0.153846153846154
0.132867132867133
0.125874125874126
0.111888111888112
0.118881118881119
0.0909090909090909
0.0699300699300699
0.0489510489510490
0.0629370629370629
0.0699300699300699
0.0699300699300699
0.0419580419580420
0.0559440559440559
0.0349650349650350
0.0209790209790210
0
0.0209790209790210
0.0349650349650350
0.0489510489510490



-
0.725000000000000
0.775000000000000
0.800000000000000
0.750000000000000
0.825000000000000
0.875000000000000
0.900000000000000
0.850000000000000
0.875000000000000
0.825000000000000
0.875000000000000
0.825000000000000
0.850000000000000
0.875000000000000
0.950000000000000
0.975000000000000
1
0.925000000000000
0.975000000000000
0.900000000000000
0.875000000000000
0.825000000000000
0.850000000000000
0.875000000000000
0.825000000000000
0.800000000000000
0.850000000000000
0.775000000000000
0.825000000000000
0.750000000000000
0.800000000000000
0.775000000000000
0.675000000000000
0.650000000000000
0.625000000000000
0.600000000000000
0.675000000000000
0.600000000000000
0.550000000000000
0.500000000000000
0.600000000000000
0.550000000000000
0.575000000000000
0.525000000000000
0.475000000000000
0.450000000000000
0.425000000000000
0.400000000000000
0.375000000000000
0.425000000000000
0.400000000000000
0.400000000000000
0.375000000000000
0.350000000000000
0.325000000000000
0.300000000000000
0.350000000000000
0.300000000000000
0.375000000000000
0.375000000000000
0.425000000000000
0.475000000000000
0.525000000000000
0.575000000000000
0.550000000000000
0.475000000000000
0.450000000000000
0.425000000000000
0.475000000000000
0.500000000000000
0.550000000000000
0.525000000000000
0.500000000000000
0.425000000000000
0.400000000000000
0.350000000000000
0.425000000000000
0.400000000000000
0.375000000000000
0.375000000000000
0.350000000000000
0.325000000000000
0.375000000000000
0.425000000000000
0.375000000000000
0.350000000000000
0.300000000000000
0.300000000000000
0.250000000000000
0.225000000000000
0.225000000000000
0.225000000000000
0.275000000000000
0.225000000000000
0.225000000000000
0.175000000000000
0.175000000000000
0.125000000000000
0.200000000000000
0.175000000000000
0.250000000000000
0.250000000000000
0.250000000000000
0.175000000000000
0.150000000000000
0.100000000000000
0.0750000000000000
0.0750000000000000
0.175000000000000
0.125000000000000
0.175000000000000
0.175000000000000
0.275000000000000
0.225000000000000
0.200000000000000
0.200000000000000
0.275000000000000
0.250000000000000
0.325000000000000
0.300000000000000
0.275000000000000
0.275000000000000
0.350000000000000
0.325000000000000
0.300000000000000
0.350000000000000
0.350000000000000
0.325000000000000
0.275000000000000
0.250000000000000
0.300000000000000
0.300000000000000
0.350000000000000
0.350000000000000
0.400000000000000
0.400000000000000
0.375000000000000
0.325000000000000
0.375000000000000
0.350000000000000
0.300000000000000
0.200000000000000
0.250000000000000
0.250000000000000
0.325000000000000
0.375000000000000
0.350000000000000
0.300000000000000
0.275000000000000
0.275000000000000
0.250000000000000
0.250000000000000
0.250000000000000
0.250000000000000
0.175000000000000
0.175000000000000
0.125000000000000
0.125000000000000
0.175000000000000
0.250000000000000
0.225000000000000
0.225000000000000
0.200000000000000
0.150000000000000
0.125000000000000
0.125000000000000
0.200000000000000
0.150000000000000
0.150000000000000
0.100000000000000
0.175000000000000
0.150000000000000
0.150000000000000
0.125000000000000
0.175000000000000
0.125000000000000
0.125000000000000
0.0750000000000000
0.0750000000000000
0.0250000000000000
0.0250000000000000
0.0250000000000000
0
0
0.0500000000000000
0.0250000000000000
0.150000000000000
0.100000000000000
0.175000000000000
0.125000000000000
0.100000000000000
0.100000000000000
0.100000000000000
0.0750000000000000
0.150000000000000
0.100000000000000
0.100000000000000
0.100000000000000
0.100000000000000
0.100000000000000




-
0
0.0753424657534247
0.109589041095890
0.157534246575342
0.191780821917808
0.260273972602740
0.267123287671233
0.301369863013699
0.335616438356164
0.397260273972603
0.417808219178082
0.479452054794521
0.500000000000000
0.541095890410959
0.561643835616438
0.602739726027397
0.623287671232877
0.664383561643836
0.671232876712329
0.705479452054795
0.691780821917808
0.726027397260274
0.705479452054795
0.719178082191781
0.726027397260274
0.760273972602740
0.767123287671233
0.801369863013699
0.808219178082192
0.835616438356164
0.835616438356164
0.842465753424658
0.821917808219178
0.828767123287671
0.794520547945205
0.821917808219178
0.821917808219178
0.849315068493151
0.856164383561644
0.856164383561644
0.835616438356164
0.863013698630137
0.856164383561644
0.856164383561644
0.856164383561644
0.883561643835616
0.890410958904110
0.890410958904110
0.890410958904110
0.883561643835616
0.876712328767123
0.883561643835616
0.856164383561644
0.856164383561644
0.856164383561644
0.883561643835616
0.883561643835616
0.883561643835616
0.890410958904110
0.897260273972603
0.897260273972603
0.924657534246575
0.897260273972603
0.897260273972603
0.897260273972603
0.897260273972603
0.869863013698630
0.890410958904110
0.890410958904110
0.910958904109589
0.910958904109589
0.945205479452055
0.938356164383562
0.958904109589041
0.958904109589041
0.986301369863014
0.979452054794521
1
0.993150684931507
0.979452054794521
0.972602739726027
0.965753424657534
0.965753424657534
0.958904109589041
0.958904109589041
0.958904109589041
0.924657534246575
0.917808219178082
0.917808219178082
0.917808219178082
0.904109589041096
0.910958904109589
0.910958904109589
0.910958904109589
0.897260273972603
0.897260273972603
0.897260273972603
0.897260273972603
0.897260273972603
0.904109589041096
0.890410958904110
0.890410958904110
0.890410958904110
0.883561643835616
0.883561643835616
0.890410958904110
0.890410958904110
0.890410958904110
0.890410958904110
0.890410958904110
0.883561643835616
0.883561643835616
0.863013698630137
0.863013698630137
0.856164383561644
0.856164383561644
0.863013698630137
0.863013698630137
0.842465753424658
0.863013698630137
0.863013698630137
0.869863013698630
0.863013698630137
0.856164383561644
0.835616438356164
0.856164383561644
0.849315068493151
0.856164383561644
0.828767123287671
0.821917808219178
0.828767123287671
0.835616438356164
0.842465753424658
0.842465753424658
0.849315068493151
0.856164383561644
0.856164383561644
0.863013698630137
0.863013698630137
0.863013698630137
0.835616438356164
0.842465753424658
0.821917808219178
0.828767123287671
0.828767123287671
0.856164383561644
0.828767123287671
0.821917808219178
0.828767123287671
0.828767123287671
0.808219178082192
0.808219178082192
0.815068493150685
0.821917808219178
0.828767123287671
0.835616438356164
0.808219178082192
0.808219178082192
0.815068493150685
0.821917808219178
0.821917808219178
0.821917808219178
0.787671232876712
0.787671232876712
0.787671232876712
0.794520547945205
0.794520547945205
0.801369863013699
0.780821917808219
0.787671232876712
0.787671232876712
0.794520547945205
0.794520547945205
0.801369863013699
0.801369863013699
0.835616438356164
0.815068493150685
0.808219178082192
0.787671232876712
0.787671232876712
0.767123287671233
0.773972602739726
0.773972602739726
0.780821917808219
0.780821917808219
0.787671232876712
0.787671232876712
0.801369863013699
0.808219178082192
0.815068493150685
0.815068493150685
0.821917808219178
0.801369863013699
0.808219178082192
0.787671232876712
0.787671232876712
0.787671232876712
0.794520547945205
0.801369863013699
0.801369863013699




-
0.316417910447761
0.301492537313433
0.280597014925373
0.259701492537313
0.238805970149254
0.220895522388060
0.202985074626866
0.185074626865672
0.185074626865672
0.179104477611940
0.179104477611940
0.173134328358209
0.167164179104478
0.155223880597015
0.149253731343284
0.137313432835821
0.140298507462687
0.125373134328358
0.119402985074627
0.122388059701493
0.122388059701493
0.122388059701493
0.119402985074627
0.110447761194030
0.107462686567164
0.107462686567164
0.107462686567164
0.0985074626865672
0.0985074626865672
0.0985074626865672
0.0985074626865672
0.0865671641791045
0.0746268656716418
0.0746268656716418
0.0686567164179105
0.0567164179104478
0.0567164179104478
0.0477611940298508
0.0507462686567164
0.0417910447761194
0.0447761194029851
0.0358208955223881
0.0388059701492537
0.0417910447761194
0.0447761194029851
0.0358208955223881
0.0417910447761194
0.0537313432835821
0.0477611940298508
0.0388059701492537
0.0328358208955224
0.0328358208955224
0.0358208955223881
0.0298507462686567
0.0358208955223881
0.0268656716417910
0.0328358208955224
0.0238805970149254
0.0268656716417910
0.0179104477611940
0.0238805970149254
0.0119402985074627
0.0208955223880597
0.0119402985074627
0.00597014925373134
0.00298507462686567
0.00597014925373134
0
0.00895522388059702
0.00298507462686567
0.00597014925373134
0.0119402985074627
0.0208955223880597
0.0268656716417910
0.0537313432835821
0.0716417910447761
0.0895522388059701
0.107462686567164
0.116417910447761
0.128358208955224
0.143283582089552
0.155223880597015
0.179104477611940
0.191044776119403
0.214925373134328
0.235820895522388
0.256716417910448
0.271641791044776
0.289552238805970
0.295522388059702
0.313432835820896
0.328358208955224
0.352238805970149
0.367164179104478
0.382089552238806
0.394029850746269
0.417910447761194
0.426865671641791
0.447761194029851
0.453731343283582
0.462686567164179
0.459701492537313
0.468656716417910
0.477611940298507
0.495522388059702
0.501492537313433
0.519402985074627
0.525373134328358
0.540298507462687
0.543283582089552
0.549253731343284
0.549253731343284
0.564179104477612
0.567164179104478
0.582089552238806
0.594029850746269
0.617910447761194
0.614925373134328
0.629850746268657
0.623880597014925
0.638805970149254
0.650746268656717
0.659701492537314
0.668656716417911
0.674626865671642
0.671641791044776
0.680597014925373
0.689552238805970
0.695522388059702
0.701492537313433
0.719402985074627
0.725373134328358
0.746268656716418
0.752238805970149
0.758208955223881
0.776119402985075
0.794029850746269
0.800000000000000
0.802985074626866
0.805970149253731
0.811940298507463
0.823880597014925
0.835820895522388
0.850746268656716
0.850746268656716
0.847761194029851
0.868656716417910
0.868656716417910
0.877611940298507
0.886567164179105
0.898507462686567
0.895522388059702
0.904477611940299
0.910447761194030
0.919402985074627
0.916417910447761
0.928358208955224
0.922388059701493
0.934328358208955
0.943283582089552
0.946268656716418
0.940298507462687
0.949253731343284
0.958208955223881
0.967164179104478
0.970149253731343
0.973134328358209
0.979104477611940
0.985074626865672
0.988059701492537
0.991044776119403
0.982089552238806
0.988059701492537
0.982089552238806
0.991044776119403
0.982089552238806
0.988059701492537
0.994029850746269
0.997014925373134
0.991044776119403
0.997014925373134
0.991044776119403
0.997014925373134
1
0.991044776119403
0.988059701492537
0.994029850746269
0.985074626865672
0.991044776119403
0.982089552238806
0.973134328358209
0.961194029850746
0.958208955223881
0.952238805970149
0.946268656716418
0.943283582089552
0.934328358208955
0.913432835820896
0.895522388059702
0.883582089552239




-
0
0.00434782608695652
0.00579710144927536
0.00869565217391304
0.0115942028985507
0.0202898550724638
0.0231884057971015
0.0246376811594203
0.0275362318840580
0.0347826086956522
0.0420289855072464
0.0507246376811594
0.0565217391304348
0.0695652173913044
0.0811594202898551
0.0927536231884058
0.104347826086957
0.118840579710145
0.136231884057971
0.150724637681159
0.166666666666667
0.185507246376812
0.197101449275362
0.220289855072464
0.236231884057971
0.250724637681159
0.271014492753623
0.295652173913044
0.315942028985507
0.339130434782609
0.362318840579710
0.382608695652174
0.402898550724638
0.421739130434783
0.439130434782609
0.460869565217391
0.476811594202899
0.492753623188406
0.505797101449275
0.520289855072464
0.533333333333333
0.550724637681159
0.562318840579710
0.571014492753623
0.579710144927536
0.589855072463768
0.594202898550725
0.602898550724638
0.604347826086957
0.613043478260870
0.620289855072464
0.628985507246377
0.636231884057971
0.642028985507246
0.646376811594203
0.652173913043478
0.659420289855073
0.663768115942029
0.669565217391304
0.675362318840580
0.679710144927536
0.682608695652174
0.685507246376812
0.688405797101449
0.692753623188406
0.694202898550725
0.692753623188406
0.697101449275362
0.694202898550725
0.691304347826087
0.688405797101449
0.685507246376812
0.684057971014493
0.688405797101449
0.691304347826087
0.688405797101449
0.686956521739131
0.685507246376812
0.682608695652174
0.679710144927536
0.678260869565217
0.678260869565217
0.681159420289855
0.678260869565217
0.678260869565217
0.676811594202899
0.673913043478261
0.672463768115942
0.665217391304348
0.663768115942029
0.663768115942029
0.660869565217391
0.662318840579710
0.660869565217391
0.660869565217391
0.659420289855073
0.659420289855073
0.663768115942029
0.671014492753623
0.669565217391304
0.675362318840580
0.679710144927536
0.685507246376812
0.686956521739131
0.698550724637681
0.707246376811594
0.715942028985507
0.724637681159420
0.740579710144928
0.747826086956522
0.756521739130435
0.763768115942029
0.775362318840580
0.779710144927536
0.789855072463768
0.795652173913043
0.807246376811594
0.810144927536232
0.814492753623188
0.823188405797102
0.826086956521739
0.834782608695652
0.843478260869565
0.850724637681160
0.859420289855073
0.859420289855073
0.862318840579710
0.869565217391304
0.875362318840580
0.882608695652174
0.888405797101449
0.889855072463768
0.895652173913044
0.900000000000000
0.905797101449275
0.910144927536232
0.920289855072464
0.924637681159420
0.927536231884058
0.931884057971015
0.933333333333333
0.936231884057971
0.940579710144928
0.943478260869565
0.946376811594203
0.949275362318841
0.946376811594203
0.949275362318841
0.952173913043478
0.955072463768116
0.956521739130435
0.957971014492754
0.960869565217391
0.963768115942029
0.966666666666667
0.968115942028986
0.976811594202899
0.978260869565217
0.979710144927536
0.975362318840580
0.976811594202899
0.978260869565217
0.979710144927536
0.979710144927536
0.985507246376812
0.985507246376812
0.991304347826087
0.991304347826087
0.991304347826087
0.991304347826087
0.995652173913044
0.995652173913044
0.997101449275362
0.997101449275362
0.995652173913044
0.989855072463768
0.997101449275362
0.995652173913044
0.989855072463768
0.989855072463768
0.989855072463768
0.991304347826087
0.992753623188406
0.994202898550725
0.998550724637681
0.998550724637681
1
0.992753623188406
0.994202898550725
0.986956521739130
0.994202898550725
0.994202898550725
0.994202898550725
0.986956521739130
0.988405797101449
0.989855072463768
0.995652173913044
0.997101449275362
0.995652173913044
0.995652173913044




-
0.931481481481482
0.942592592592593
0.946296296296296
0.951851851851852
0.953703703703704
0.955555555555556
0.962962962962963
0.970370370370370
0.972222222222222
0.979629629629630
0.979629629629630
0.987037037037037
0.992592592592593
0.992592592592593
1
1
0.996296296296296
0.996296296296296
0.996296296296296
0.996296296296296
0.994444444444445
0.985185185185185
0.977777777777778
0.977777777777778
0.970370370370370
0.964814814814815
0.964814814814815
0.957407407407408
0.942592592592593
0.927777777777778
0.920370370370370
0.916666666666667
0.903703703703704
0.900000000000000
0.888888888888889
0.879629629629630
0.862962962962963
0.853703703703704
0.846296296296296
0.835185185185185
0.825925925925926
0.816666666666667
0.801851851851852
0.788888888888889
0.774074074074074
0.759259259259259
0.753703703703704
0.742592592592593
0.729629629629630
0.720370370370370
0.709259259259259
0.698148148148148
0.688888888888889
0.679629629629630
0.674074074074074
0.666666666666667
0.659259259259259
0.650000000000000
0.637037037037037
0.637037037037037
0.624074074074074
0.618518518518519
0.605555555555556
0.603703703703704
0.588888888888889
0.585185185185185
0.581481481481482
0.572222222222222
0.568518518518519
0.564814814814815
0.555555555555556
0.548148148148148
0.531481481481482
0.522222222222222
0.509259259259259
0.496296296296296
0.488888888888889
0.475925925925926
0.464814814814815
0.451851851851852
0.442592592592593
0.429629629629630
0.424074074074074
0.414814814814815
0.407407407407407
0.398148148148148
0.377777777777778
0.368518518518519
0.362962962962963
0.350000000000000
0.333333333333333
0.327777777777778
0.322222222222222
0.316666666666667
0.312962962962963
0.309259259259259
0.294444444444444
0.285185185185185
0.283333333333333
0.279629629629630
0.270370370370370
0.259259259259259
0.257407407407407
0.257407407407407
0.255555555555556
0.255555555555556
0.255555555555556
0.255555555555556
0.262962962962963
0.268518518518519
0.266666666666667
0.266666666666667
0.262962962962963
0.268518518518519
0.266666666666667
0.270370370370370
0.270370370370370
0.274074074074074
0.274074074074074
0.270370370370370
0.274074074074074
0.272222222222222
0.264814814814815
0.264814814814815
0.261111111111111
0.259259259259259
0.250000000000000
0.250000000000000
0.250000000000000
0.238888888888889
0.231481481481481
0.222222222222222
0.224074074074074
0.216666666666667
0.216666666666667
0.214814814814815
0.216666666666667
0.211111111111111
0.205555555555556
0.198148148148148
0.190740740740741
0.185185185185185
0.172222222222222
0.168518518518519
0.162962962962963
0.157407407407407
0.161111111111111
0.159259259259259
0.157407407407407
0.151851851851852
0.148148148148148
0.142592592592593
0.146296296296296
0.140740740740741
0.131481481481481
0.124074074074074
0.120370370370370
0.116666666666667
0.116666666666667
0.116666666666667
0.114814814814815
0.107407407407407
0.103703703703704
0.105555555555556
0.103703703703704
0.101851851851852
0.0925925925925926
0.0907407407407408
0.0888888888888889
0.0796296296296296
0.0740740740740741
0.0648148148148148
0.0648148148148148
0.0518518518518519
0.0444444444444444
0.0333333333333333
0.0296296296296296
0.0222222222222222
0.0203703703703704
0.0129629629629630
0.00925925925925926
0.00740740740740741
0.00370370370370370
0
0.00370370370370370
0.00185185185185185
0.00740740740740741
0.00925925925925926
0.0111111111111111
0.0129629629629630
0.0166666666666667
0.0203703703703704
0.0296296296296296
0.0314814814814815
0.0407407407407407
0.0425925925925926
0.0444444444444444
0.0481481481481482
0.0500000000000000
0.0611111111111111




-
0
0
0.0781250000000000
0.0781250000000000
0.171875000000000
0.156250000000000
0.218750000000000
0.218750000000000
0.265625000000000
0.265625000000000
0.296875000000000
0.296875000000000
0.359375000000000
0.343750000000000
0.406250000000000
0.406250000000000
0.406250000000000
0.406250000000000
0.375000000000000
0.359375000000000
0.390625000000000
0.375000000000000
0.437500000000000
0.421875000000000
0.484375000000000
0.531250000000000
0.578125000000000
0.625000000000000
0.671875000000000
0.718750000000000
0.828125000000000
0.921875000000000
0.953125000000000
0.984375000000000
1
0.953125000000000
0.968750000000000
0.921875000000000
0.859375000000000
0.828125000000000
0.796875000000000
0.750000000000000
0.734375000000000
0.640625000000000
0.609375000000000
0.531250000000000
0.500000000000000
0.468750000000000
0.453125000000000
0.453125000000000
0.437500000000000
0.406250000000000
0.406250000000000
0.406250000000000
0.453125000000000
0.421875000000000
0.421875000000000
0.406250000000000
0.468750000000000
0.515625000000000
0.609375000000000
0.656250000000000
0.671875000000000
0.718750000000000
0.812500000000000
0.796875000000000
0.828125000000000
0.812500000000000
0.812500000000000
0.796875000000000
0.781250000000000
0.734375000000000
0.640625000000000
0.562500000000000
0.484375000000000
0.406250000000000
0.375000000000000
0.296875000000000
0.234375000000000
0.218750000000000
0.187500000000000
0.187500000000000
0.171875000000000
0.156250000000000
0.234375000000000
0.234375000000000
0.296875000000000
0.359375000000000
0.421875000000000
0.484375000000000
0.546875000000000
0.593750000000000
0.656250000000000
0.703125000000000
0.734375000000000
0.765625000000000
0.812500000000000
0.843750000000000
0.875000000000000
0.906250000000000
0.921875000000000
0.968750000000000
0.968750000000000
0.921875000000000
0.937500000000000
0.906250000000000
0.875000000000000
0.828125000000000
0.781250000000000
0.671875000000000
0.640625000000000
0.546875000000000
0.531250000000000
0.515625000000000
0.500000000000000
0.500000000000000
0.468750000000000
0.437500000000000
0.421875000000000
0.468750000000000
0.453125000000000
0.484375000000000
0.468750000000000
0.468750000000000
0.437500000000000
0.484375000000000
0.468750000000000
0.453125000000000
0.500000000000000
0.453125000000000
0.437500000000000
0.406250000000000
0.406250000000000
0.453125000000000
0.484375000000000
0.468750000000000
0.468750000000000
0.437500000000000
0.421875000000000
0.421875000000000
0.343750000000000
0.281250000000000
0.250000000000000
0.187500000000000
0.140625000000000
0.125000000000000
0.140625000000000
0.0781250000000000
0.0625000000000000
0.0781250000000000
0.0781250000000000
0.156250000000000
0.156250000000000
0.218750000000000
0.281250000000000
0.359375000000000
0.421875000000000
0.453125000000000
0.515625000000000
0.562500000000000
0.609375000000000
0.671875000000000
0.718750000000000
0.765625000000000
0.796875000000000
0.843750000000000
0.812500000000000
0.796875000000000
0.765625000000000
0.734375000000000
0.765625000000000
0.796875000000000
0.765625000000000
0.718750000000000
0.671875000000000
0.656250000000000
0.578125000000000
0.562500000000000
0.531250000000000
0.500000000000000
0.421875000000000
0.390625000000000
0.328125000000000
0.312500000000000
0.296875000000000
0.281250000000000
0.281250000000000
0.281250000000000
0.281250000000000
0.390625000000000
0.375000000000000
0.375000000000000
0.359375000000000
0.406250000000000
0.390625000000000
0.437500000000000
0.484375000000000
0.531250000000000
0.578125000000000
0.640625000000000




-
0.108910891089109
0.143564356435644
0.188118811881188
0.232673267326733
0.252475247524753
0.277227722772277
0.301980198019802
0.316831683168317
0.336633663366337
0.351485148514851
0.341584158415842
0.361386138613861
0.376237623762376
0.371287128712871
0.391089108910891
0.405940594059406
0.400990099009901
0.391089108910891
0.405940594059406
0.415841584158416
0.425742574257426
0.430693069306931
0.420792079207921
0.450495049504951
0.455445544554455
0.470297029702970
0.500000000000000
0.500000000000000
0.524752475247525
0.549504950495050
0.574257425742574
0.603960396039604
0.623762376237624
0.648514851485149
0.668316831683168
0.688118811881188
0.707920792079208
0.722772277227723
0.742574257425743
0.772277227722772
0.792079207920792
0.821782178217822
0.836633663366337
0.861386138613861
0.891089108910891
0.915841584158416
0.945544554455446
0.950495049504951
0.950495049504951
0.960396039603960
0.965346534653465
0.970297029702970
0.975247524752475
0.980198019801980
0.995049504950495
0.995049504950495
0.990099009900990
0.995049504950495
1
0.995049504950495
1
0.985148514851485
0.985148514851485
0.980198019801980
0.980198019801980
0.960396039603960
0.945544554455446
0.930693069306931
0.910891089108911
0.896039603960396
0.900990099009901
0.866336633663366
0.851485148514852
0.821782178217822
0.811881188118812
0.782178217821782
0.752475247524753
0.742574257425743
0.742574257425743
0.727722772277228
0.702970297029703
0.673267326732673
0.653465346534654
0.633663366336634
0.613861386138614
0.608910891089109
0.594059405940594
0.574257425742574
0.574257425742574
0.554455445544555
0.539603960396040
0.504950495049505
0.495049504950495
0.485148514851485
0.475247524752475
0.455445544554455
0.450495049504951
0.440594059405941
0.430693069306931
0.420792079207921
0.415841584158416
0.410891089108911
0.396039603960396
0.391089108910891
0.366336633663366
0.341584158415842
0.316831683168317
0.272277227722772
0.252475247524753
0.222772277227723
0.207920792079208
0.168316831683168
0.153465346534653
0.138613861386139
0.118811881188119
0.103960396039604
0.0891089108910891
0.0742574257425743
0.0742574257425743
0.0792079207920792
0.0693069306930693
0.0544554455445545
0.0594059405940594
0.0445544554455446
0.0346534653465347
0.0247524752475248
0.0148514851485149
0.00990099009900990
0.0148514851485149
0.00990099009900990
0.0198019801980198
0.00990099009900990
0.00495049504950495
0
0.0148514851485149
0.0247524752475248
0.0346534653465347
0.0396039603960396
0.0544554455445545
0.0594059405940594
0.0693069306930693
0.0693069306930693
0.0792079207920792
0.0841584158415842
0.0891089108910891
0.0742574257425743
0.0792079207920792
0.0643564356435644
0.0544554455445545
0.0346534653465347
0.0495049504950495
0.0346534653465347
0.0445544554455446
0.0495049504950495
0.0594059405940594
0.0742574257425743
0.0841584158415842
0.0742574257425743
0.0792079207920792
0.0693069306930693
0.0841584158415842
0.0693069306930693
0.0792079207920792
0.0693069306930693
0.0792079207920792
0.0841584158415842
0.0940594059405941
0.0841584158415842
0.0891089108910891
0.0990099009900990
0.113861386138614
0.0990099009900990
0.108910891089109
0.108910891089109
0.113861386138614
0.118811881188119
0.108910891089109
0.113861386138614
0.113861386138614
0.0990099009900990
0.108910891089109
0.0891089108910891
0.0990099009900990
0.0990099009900990
0.108910891089109
0.118811881188119
0.123762376237624
0.108910891089109
0.108910891089109
0.113861386138614
0.118811881188119
0.108910891089109
0.118811881188119
0.108910891089109
0.113861386138614
0.103960396039604
0.113861386138614
0.0990099009900990
0.108910891089109
0.0891089108910891




-
0.361111111111111
0.370370370370370
0.351851851851852
0.361111111111111
0.324074074074074
0.324074074074074
0.296296296296296
0.305555555555556
0.277777777777778
0.287037037037037
0.305555555555556
0.333333333333333
0.342592592592593
0.342592592592593
0.361111111111111
0.416666666666667
0.425925925925926
0.472222222222222
0.481481481481481
0.527777777777778
0.518518518518519
0.527777777777778
0.574074074074074
0.620370370370370
0.620370370370370
0.620370370370370
0.648148148148148
0.694444444444444
0.712962962962963
0.750000000000000
0.777777777777778
0.805555555555556
0.787037037037037
0.805555555555556
0.796296296296296
0.824074074074074
0.842592592592593
0.907407407407407
0.888888888888889
0.898148148148148
0.888888888888889
0.898148148148148
0.879629629629630
0.907407407407407
0.888888888888889
0.925925925925926
0.907407407407407
0.888888888888889
0.879629629629630
0.851851851851852
0.842592592592593
0.824074074074074
0.768518518518519
0.750000000000000
0.703703703703704
0.694444444444444
0.638888888888889
0.601851851851852
0.527777777777778
0.490740740740741
0.444444444444444
0.407407407407407
0.379629629629630
0.351851851851852
0.324074074074074
0.296296296296296
0.268518518518519
0.250000000000000
0.222222222222222
0.231481481481481
0.212962962962963
0.222222222222222
0.212962962962963
0.185185185185185
0.175925925925926
0.157407407407407
0.138888888888889
0.166666666666667
0.138888888888889
0.120370370370370
0.0555555555555556
0.0462962962962963
0
0.0370370370370370
0.0277777777777778
0.00925925925925926
0.00925925925925926
0.0462962962962963
0.0648148148148148
0.0833333333333333
0.0740740740740741
0.0925925925925926
0.120370370370370
0.138888888888889
0.166666666666667
0.222222222222222
0.305555555555556
0.361111111111111
0.407407407407407
0.453703703703704
0.462962962962963
0.500000000000000
0.537037037037037
0.583333333333333
0.611111111111111
0.648148148148148
0.675925925925926
0.712962962962963
0.750000000000000
0.768518518518519
0.759259259259259
0.777777777777778
0.777777777777778
0.768518518518519
0.759259259259259
0.787037037037037
0.740740740740741
0.731481481481481
0.675925925925926
0.629629629629630
0.583333333333333
0.537037037037037
0.500000000000000
0.462962962962963
0.398148148148148
0.351851851851852
0.287037037037037
0.268518518518519
0.203703703703704
0.185185185185185
0.157407407407407
0.175925925925926
0.166666666666667
0.148148148148148
0.120370370370370
0.111111111111111
0.101851851851852
0.0833333333333333
0.0833333333333333
0.0740740740740741
0.0277777777777778
0.0555555555555556
0.0277777777777778
0.0185185185185185
0.00925925925925926
0.0370370370370370
0.0740740740740741
0.101851851851852
0.157407407407407
0.212962962962963
0.268518518518519
0.333333333333333
0.425925925925926
0.500000000000000
0.546296296296296
0.629629629629630
0.675925925925926
0.740740740740741
0.814814814814815
0.842592592592593
0.879629629629630
0.907407407407407
0.907407407407407
0.972222222222222
0.981481481481481
1
0.962962962962963
0.953703703703704
0.935185185185185
0.898148148148148
0.888888888888889
0.861111111111111
0.814814814814815
0.796296296296296
0.731481481481481
0.722222222222222
0.712962962962963
0.675925925925926
0.629629629629630
0.583333333333333
0.546296296296296
0.500000000000000
0.490740740740741
0.462962962962963
0.453703703703704
0.453703703703704
0.425925925925926
0.435185185185185
0.407407407407407
0.379629629629630
0.361111111111111
0.361111111111111
0.361111111111111
0.333333333333333
0.314814814814815
0.314814814814815
0.333333333333333
0.351851851851852
0.351851851851852
0.361111111111111




-
0
0.0296167247386760
0.0662020905923345
0.0923344947735192
0.123693379790941
0.155052264808362
0.189895470383275
0.214285714285714
0.245644599303136
0.268292682926829
0.290940766550523
0.311846689895470
0.332752613240418
0.350174216027875
0.376306620209059
0.391986062717770
0.416376306620209
0.437282229965157
0.463414634146342
0.482578397212544
0.506968641114983
0.531358885017422
0.554006968641115
0.574912891986063
0.594076655052265
0.614982578397213
0.634146341463415
0.656794425087108
0.674216027874565
0.688153310104530
0.702090592334495
0.709059233449477
0.722996515679443
0.735191637630662
0.745644599303136
0.757839721254355
0.777003484320557
0.787456445993031
0.803135888501742
0.818815331010453
0.831010452961672
0.839721254355401
0.853658536585366
0.860627177700349
0.874564459930314
0.878048780487805
0.883275261324042
0.886759581881533
0.897212543554007
0.900696864111498
0.902439024390244
0.898954703832753
0.895470383275261
0.888501742160279
0.883275261324042
0.878048780487805
0.876306620209059
0.867595818815331
0.864111498257840
0.855400696864112
0.851916376306620
0.841463414634146
0.839721254355401
0.836236933797909
0.841463414634146
0.837979094076655
0.839721254355401
0.836236933797909
0.834494773519164
0.834494773519164
0.841463414634146
0.841463414634146
0.848432055749129
0.846689895470383
0.853658536585366
0.858885017421603
0.871080139372822
0.876306620209059
0.881533101045296
0.885017421602787
0.897212543554007
0.900696864111498
0.909407665505226
0.911149825783972
0.921602787456446
0.916376306620209
0.918118466898955
0.921602787456446
0.932055749128920
0.940766550522648
0.951219512195122
0.956445993031359
0.963414634146341
0.961672473867596
0.970383275261324
0.966898954703833
0.973867595818815
0.973867595818815
0.980836236933798
0.980836236933798
0.986062717770035
0.984320557491289
0.991289198606272
0.987804878048781
0.994773519163763
0.991289198606272
0.989547038327526
0.986062717770035
0.991289198606272
0.991289198606272
0.996515679442509
0.993031358885017
1
0.998257839721254
1
0.996515679442509
0.996515679442509
0.998257839721254
0.996515679442509
0.989547038327526
0.984320557491289
0.982578397212544
0.982578397212544
0.973867595818815
0.972125435540070
0.965156794425087
0.958188153310105
0.949477351916376
0.944250871080139
0.930313588850174
0.918118466898955
0.914634146341463
0.909407665505226
0.897212543554007
0.891986062717770
0.879790940766551
0.878048780487805
0.867595818815331
0.865853658536585
0.857142857142857
0.855400696864112
0.846689895470383
0.844947735191638
0.843205574912892
0.848432055749129
0.846689895470383
0.851916376306620
0.857142857142857
0.862369337979094
0.865853658536585
0.876306620209059
0.886759581881533
0.898954703832753
0.909407665505226
0.916376306620209
0.919860627177700
0.923344947735192
0.919860627177700
0.914634146341463
0.900696864111498
0.890243902439024
0.871080139372822
0.862369337979094
0.846689895470383
0.843205574912892
0.829268292682927
0.829268292682927
0.820557491289199
0.820557491289199
0.813588850174216
0.806620209059234
0.801393728222997
0.796167247386760
0.787456445993031
0.782229965156794
0.778745644599303
0.773519163763066
0.768292682926829
0.764808362369338
0.759581881533101
0.749128919860627
0.736933797909408
0.731707317073171
0.721254355400697
0.712543554006969
0.702090592334495
0.693379790940767
0.686411149825784
0.675958188153310
0.667247386759582
0.658536585365854
0.651567944250871
0.646341463414634
0.635888501742160
0.623693379790941
0.611498257839721
0.599303135888502
0.588850174216028
0.583623693379791
0.573170731707317
