-
798
799
802
803
804
804
805
808
809
810
811
811
811
811
812
812
811
810
810
809
809
808
807
806
806
806
805
804
803
802
800
800
800
800
801
801
801
802
801
801
802
801
800
802
804
804
804
805
806
808
808
807
807
804
804
806
806
806
806
806
805
805
804
804
804
804
803
802
802
802
801
802
802
801
801
799
798
799
798
797
798
798
798
799
800
800
801
802
802
804
805
805
807
809
810
811
812
810
811
812
813
813
813
813
813
813
812
812
810
810
810
809
808
807
806
805
805
804
803
802
801
800
800
799
798
799
799
799
799
798
798
797
797
795
795
794
793
793
792
792
792
791
792
792
793
794
794
794
796
797
798
800
800
802
803
803
802
803
803
805
805
805
804
804
804
803
803
804
803
802
800
800
799
799
798
797
796
795
796
797
798
798
799
798
799
800
800
802
803
804
807
808
808
809
810
810
809
810
810
810
-
810
810
809
808
808
808
807
806
806
806
806
805
803
802
801
800
801
799
798
799
799
798
798
798
799
799
800
799
797
797
797
797
798
799
800
801
803
804
806
807
807
808
808
808
811
811
810
810
810
810
809
810
808
808
808
807
805
804
805
804
803
802
801
801
800
800
800
799
798
798
797
796
794
794
794
794
794
794
794
796
795
795
795
794
794
794
795
795
795
796
796
797
798
799
799
800
802
801
802
802
800
800
800
799
798
799
798
797
795
796
796
795
796
795
795
794
792
792
792
789
788
787
786
787
787
787
789
788
789
789
790
790
792
792
793
793
793
794
795
794
795
796
797
796
797
798
798
797
797
797
797
797
798
798
797
797
795
795
796
794
793
793
793
794
792
791
791
790
789
789
788
788
788
788
789
789
789
790
791
791
791
791
792
792
793
794
795
797
798
799
801
804
807
808
810
812
815
817
820
821
-
822
822
825
823
824
825
825
825
823
823
823
822
822
821
818
818
817
816
816
814
811
809
808
808
806
805
805
803
803
802
801
800
799
799
798
797
797
797
796
797
798
798
798
798
799
800
800
801
801
801
802
802
802
802
802
802
801
802
801
800
799
800
799
798
798
797
796
795
795
795
795
794
794
792
792
792
793
793
792
793
792
792
792
791
791
793
794
795
796
798
800
801
803
805
806
808
809
810
811
812
813
814
814
815
814
815
814
813
812
809
808
807
807
807
806
806
805
805
805
804
804
803
803
802
801
800
800
800
799
799
800
800
801
800
801
803
803
804
804
805
806
806
806
806
807
808
808
810
810
810
811
812
814
815
815
815
814
814
814
813
813
812
812
810
810
808
807
806
805
804
803
803
804
803
802
802
801
800
798
797
798
798
799
798
799
799
798
799
799
799
800
800
800
802
802
803
805
806
807
806
-
805
804
804
804
805
804
804
804
805
804
804
804
803
802
802
802
800
800
799
798
799
799
799
797
796
796
796
794
793
793
792
793
794
795
796
795
797
797
797
798
798
799
798
799
800
800
800
800
799
800
801
800
799
799
798
798
797
798
798
797
797
796
796
794
794
794
793
793
793
791
792
791
790
790
789
788
787
786
787
786
785
786
787
787
787
788
789
789
789
790
790
791
791
790
791
791
792
793
794
794
794
794
794
795
795
794
794
794
794
792
792
791
790
790
790
790
789
788
788
787
786
786
787
786
786
787
788
789
789
790
790
790
791
791
793
794
793
796
797
797
799
799
798
799
800
801
800
799
800
800
799
799
797
797
798
798
797
796
796
795
795
794
794
794
793
793
793
791
791
789
789
789
789
789
790
790
790
790
789
790
790
790
789
791
790
790
790
791
790
793
794
794
795
795
796
797
798
798
799
798
-
799
800
800
798
798
797
797
796
795
796
797
796
796
796
795
795
794
795
794
794
795
795
794
793
793
793
793
792
792
791
791
791
791
791
792
794
793
794
795
796
797
797
798
799
801
802
802
802
804
804
805
805
806
806
806
806
807
806
807
807
806
806
805
804
804
803
804
803
803
803
804
802
802
801
801
801
800
798
799
798
798
797
798
798
799
799
799
799
799
799
799
800
799
798
797
797
797
798
797
797
798
798
799
799
800
799
798
798
798
800
801
801
803
805
806
807
807
805
805
805
806
807
806
806
806
806
806
806
804
804
803
802
800
799
798
798
797
797
797
794
794
792
792
792
792
792
792
790
791
792
793
792
793
793
794
795
794
795
796
798
799
799
799
799
800
800
801
801
802
801
800
800
801
801
800
799
798
799
799
799
800
799
799
798
796
795
794
794
794
794
793
793
793
792
791
791
788
787
787
786
-
785
785
784
784
785
785
785
785
785
785
787
787
787
789
789
789
789
789
789
790
791
792
793
793
792
792
793
794
794
793
793
792
792
792
793
791
791
791
791
790
790
790
790
790
789
789
788
788
788
788
787
788
789
789
790
790
790
790
791
790
790
791
791
793
794
795
796
798
798
800
802
802
803
803
803
802
801
800
800
801
801
801
800
799
799
798
798
797
797
796
797
797
797
798
797
797
797
798
797
798
798
797
797
796
796
797
797
798
797
798
799
800
800
801
800
802
802
803
805
803
803
804
804
804
805
805
805
804
804
804
803
803
803
803
804
803
803
802
802
801
801
800
799
798
797
797
796
797
797
797
798
797
798
797
798
799
799
799
800
800
801
801
800
800
801
802
802
802
801
801
801
802
802
801
800
799
800
799
798
797
796
796
795
795
796
797
796
796
796
795
795
795
796
796
796
796
796
796
796
795
-
799
799
799
799
799
799
799
799
798
797
797
796
795
793
793
792
793
792
792
793
794
794
795
797
797
798
798
798
800
801
801
801
801
800
799
799
798
797
797
796
795
795
794
794
794
795
795
795
795
796
796
797
797
798
800
799
799
799
802
802
802
801
799
798
797
796
796
796
796
797
797
796
797
797
798
799
799
799
799
800
800
801
802
802
802
802
802
802
802
802
801
801
801
800
799
799
800
800
799
800
800
801
801
803
803
804
805
806
808
809
810
811
811
810
811
811
812
811
810
810
810
809
810
810
809
809
809
809
808
808
807
807
807
806
806
805
806
805
805
805
805
803
803
803
803
803
804
804
803
803
802
802
802
802
803
803
803
803
803
804
805
805
804
804
804
804
803
802
801
801
800
800
800
800
799
799
799
801
801
801
801
803
804
804
804
806
805
805
805
803
803
803
802
801
800
800
800
800
799
798
-
799
799
800
800
800
800
802
802
803
804
805
807
806
807
807
806
806
805
805
805
803
803
802
802
801
800
800
800
800
800
800
801
802
802
802
803
804
805
806
805
805
806
805
805
804
804
803
803
802
802
801
801
801
802
804
805
806
807
806
807
808
808
808
807
806
806
805
805
805
804
804
802
802
802
800
799
799
799
799
800
800
801
802
803
804
805
805
808
810
812
814
815
817
818
819
820
820
820
820
820
819
818
817
817
817
815
816
816
816
816
816
816
816
817
818
820
819
819
819
819
817
817
817
818
817
817
816
814
813
813
811
811
810
809
810
809
809
810
812
811
812
811
812
813
813
811
810
810
810
808
808
808
807
806
806
805
806
805
806
806
807
808
808
808
807
808
809
810
811
810
810
808
807
807
807
807
806
806
805
805
805
804
804
804
804
803
806
807
808
807
808
809
810
809
809
810
809
808
808
808
-
809
809
808
807
806
805
803
803
803
802
802
801
801
802
802
802
802
802
802
802
802
802
802
802
802
802
800
799
799
799
798
798
798
798
798
799
800
800
800
800
801
802
802
802
802
801
800
800
800
800
800
798
798
799
799
799
800
800
801
801
802
803
804
805
806
806
807
806
806
806
805
805
803
803
803
802
800
799
799
798
798
800
800
800
800
801
801
803
803
804
804
803
803
803
803
803
802
802
803
803
802
802
802
801
801
802
802
803
804
805
807
808
808
809
810
811
811
810
811
810
809
809
808
808
807
807
806
806
804
804
804
804
804
804
805
805
806
807
808
808
808
808
807
806
806
806
807
808
807
807
808
807
807
806
806
805
804
805
806
805
807
808
809
809
810
811
811
811
811
811
810
809
808
808
807
807
807
808
808
807
808
808
808
809
810
810
810
810
811
811
811
811
811
811
811
810
811
810
810
809
-
808
808
807
807
808
807
808
809
809
811
812
812
814
814
814
814
814
814
814
814
814
814
813
812
812
811
812
812
812
811
812
813
813
813
814
814
815
815
816
816
815
815
815
815
814
813
813
813
811
810
810
810
810
809
809
808
808
809
809
810
811
812
814
815
816
818
818
818
818
819
819
819
819
818
817
817
815
816
815
814
813
813
814
814
815
816
816
817
818
818
818
818
816
816
816
816
815
815
814
813
813
810
811
811
812
812
813
814
814
813
814
814
814
814
814
814
814
814
813
814
813
812
811
810
809
808
808
807
807
806
806
807
808
808
810
811
811
812
812
813
812
812
812
812
812
812
811
810
810
809
807
807
806
807
806
807
808
809
810
809
810
809
809
808
808
807
807
806
806
804
804
804
804
803
803
802
802
801
801
801
800
800
801
801
801
801
801
803
803
804
805
806
806
805
805
805
804
804
804
803
-
803
803
802
801
799
799
799
800
798
798
799
799
799
799
799
799
799
799
798
798
798
797
796
796
798
798
798
798
797
796
796
797
797
797
798
798
798
799
800
800
800
800
801
801
801
799
798
798
798
797
796
796
795
794
794
793
794
793
793
793
794
794
795
795
796
796
796
797
797
798
798
797
797
796
795
795
794
793
793
792
791
791
791
789
789
789
789
789
790
790
791
792
793
794
794
795
794
795
795
794
794
793
793
793
793
793
792
793
793
794
794
795
796
796
797
798
800
801
803
805
806
806
805
806
806
806
805
805
805
804
803
801
802
801
801
801
801
801
800
800
800
800
800
801
801
802
802
802
802
802
801
801
803
803
803
802
802
802
802
801
801
802
801
803
804
805
806
807
806
807
808
808
809
809
810
809
810
809
808
808
808
808
807
807
808
807
807
807
807
808
808
810
811
811
812
812
812
812
813
813
-
812
811
811
811
812
811
811
810
810
810
810
809
808
808
807
807
806
806
806
806
805
805
807
806
807
806
807
807
808
809
810
810
811
810
809
809
808
809
808
808
807
807
807
806
806
806
807
807
808
809
809
810
811
811
812
812
812
813
813
812
811
810
811
810
809
808
808
807
806
806
806
806
807
806
807
807
807
808
807
808
807
807
807
808
809
809
808
809
808
807
808
807
806
807
807
807
808
809
809
809
810
810
811
811
811
810
809
809
808
807
806
806
806
806
805
806
806
807
807
807
808
807
807
807
809
809
809
809
808
809
809
808
807
807
806
806
804
804
804
805
806
805
805
804
804
804
804
804
805
806
807
807
807
807
807
807
805
806
806
806
805
805
803
803
802
802
802
802
802
802
803
804
805
806
806
806
807
808
807
807
806
805
805
804
803
802
802
802
802
802
802
801
802
802
801
803
803
803
804
804
-
820
820
820
819
819
818
818
818
818
818
819
819
819
819
819
820
820
821
821
821
822
822
823
824
825
825
826
826
826
827
827
828
829
829
830
830
829
829
829
828
829
829
830
830
829
828
828
827
826
826
826
826
825
824
824
825
825
826
825
826
826
826
827
828
828
829
828
828
829
829
829
829
829
830
832
832
833
834
835
835
837
838
839
840
841
841
842
843
842
843
844
846
846
847
847
847
847
847
847
847
847
847
848
848
847
847
847
848
847
846
846
845
844
844
844
845
845
844
845
845
844
844
843
843
843
843
842
843
842
841
841
840
840
839
839
839
838
839
838
838
838
838
838
837
837
836
836
836
836
837
836
837
837
837
837
837
837
837
836
835
835
833
832
833
831
831
829
828
828
827
826
826
826
825
824
823
823
823
822
821
821
821
822
822
823
824
825
825
826
826
827
827
828
829
829
829
829
829
829
829
-
828
828
828
827
826
827
827
827
828
827
826
825
824
824
824
824
823
823
823
821
822
822
822
822
821
821
822
823
824
825
826
828
828
830
831
832
833
834
835
836
837
836
837
837
837
838
838
837
837
837
837
837
837
837
837
836
837
837
837
836
836
836
836
837
837
837
837
838
838
839
841
841
842
842
843
843
844
845
845
847
848
849
850
851
851
851
850
850
849
849
848
847
846
845
844
843
842
841
840
839
837
837
837
836
836
836
835
835
835
835
834
834
835
835
834
835
835
836
836
837
837
837
838
838
839
839
838
838
838
837
837
836
836
835
834
834
832
831
831
830
829
828
827
827
826
826
825
825
825
825
824
823
823
823
822
823
824
824
825
825
826
826
827
826
826
825
825
826
826
825
825
825
822
822
822
821
821
821
821
822
822
823
823
824
824
825
826
827
827
828
828
829
829
831
832
832
832
832
832
833
-
834
835
836
836
836
836
836
836
835
835
835
835
835
836
837
837
837
838
838
839
839
841
843
843
844
845
846
846
848
848
848
848
848
848
848
848
848
847
846
846
845
844
844
844
844
843
843
843
842
841
841
840
840
840
840
839
839
839
839
839
838
838
839
839
840
840
840
840
841
842
841
842
842
843
843
842
842
842
842
841
840
840
840
839
838
836
836
835
835
834
834
833
832
831
830
829
829
828
828
828
829
829
830
831
831
831
831
832
832
832
832
832
832
832
832
832
831
832
832
831
831
830
829
829
828
827
827
826
825
824
823
821
821
821
820
820
820
820
820
820
820
819
819
819
820
821
822
822
823
823
824
825
826
826
827
829
830
830
831
832
832
833
833
833
833
833
833
834
833
833
833
833
833
833
833
833
833
833
834
834
833
833
833
833
833
833
834
835
835
836
836
836
837
838
839
840
840
841
842
843
-
843
844
844
844
845
845
845
846
846
846
845
846
845
844
844
844
844
844
843
844
845
845
844
844
845
846
846
846
847
848
848
848
848
849
850
850
850
850
850
849
850
848
847
846
845
844
843
843
842
842
841
840
839
839
838
838
838
837
837
836
837
837
837
837
838
838
838
838
838
838
838
839
839
840
839
838
838
838
838
836
835
835
834
834
834
833
833
832
831
830
829
828
829
829
828
828
827
827
827
826
826
826
826
827
827
827
827
827
828
829
828
827
827
828
828
827
827
826
825
825
824
823
823
822
821
821
820
820
820
820
819
818
818
818
817
817
818
817
817
817
817
819
819
819
819
820
820
821
822
823
823
824
824
825
825
825
825
825
826
827
827
826
826
826
826
826
827
827
827
828
827
827
828
828
827
828
828
829
829
829
829
830
831
831
831
832
832
834
834
834
835
836
837
837
837
837
837
837
837
837
-
838
837
836
836
837
837
836
836
836
836
836
836
836
837
838
838
838
839
840
840
841
842
842
843
843
843
844
844
844
843
844
844
844
844
843
843
843
843
842
842
841
840
840
839
839
838
838
836
836
835
835
835
835
835
836
837
837
837
837
837
837
838
839
838
838
837
837
837
837
837
837
837
836
836
834
834
834
834
834
833
832
831
830
830
830
829
829
829
828
828
828
827
827
827
827
827
829
829
829
829
828
827
828
827
827
827
827
827
825
825
825
824
823
823
822
821
821
820
820
819
818
817
816
816
815
815
815
814
814
814
815
814
814
814
815
816
817
819
820
821
820
821
821
822
822
823
822
823
824
823
823
823
823
823
824
824
825
825
826
825
826
827
827
826
827
827
827
828
828
830
830
832
833
833
834
835
836
836
837
838
839
841
842
841
841
841
840
841
841
841
842
842
842
842
841
841
840
840
839
839
-
838
837
837
836
836
837
837
837
838
837
837
837
837
836
836
836
836
836
837
837
837
837
836
836
836
835
834
835
835
835
834
834
834
833
832
831
831
829
830
830
830
831
831
832
831
832
832
832
831
831
831
831
830
829
828
827
826
825
824
824
823
823
823
823
822
822
822
821
821
821
820
820
820
820
820
819
820
820
819
819
819
819
819
819
819
819
819
819
818
817
817
817
817
817
817
817
817
817
816
816
816
816
816
816
816
817
817
817
817
817
818
819
820
821
822
824
824
825
826
827
827
827
827
827
827
828
828
829
828
828
829
829
829
829
829
830
830
830
831
831
831
833
834
835
835
835
835
837
837
838
839
840
840
841
841
842
843
843
843
843
843
843
844
844
844
844
844
844
843
842
841
840
841
840
840
839
838
838
838
837
837
836
836
836
835
835
835
835
835
834
834
835
835
834
835
835
835
835
835
835
-
786
785
785
784
783
784
785
785
785
784
786
786
786
787
788
789
790
791
791
792
792
793
795
797
797
798
798
798
800
800
801
801
801
802
802
802
802
802
802
802
802
802
802
801
800
800
798
797
797
796
795
792
792
791
790
788
787
785
784
784
782
781
780
780
780
780
780
781
779
779
778
777
778
778
777
777
777
776
777
776
775
775
775
774
773
773
774
774
775
774
774
775
775
776
778
779
781
782
782
784
785
786
787
787
788
788
789
790
791
792
793
794
794
794
794
795
796
796
796
796
796
796
796
795
795
793
793
791
790
789
787
786
786
784
783
782
782
780
779
778
777
777
776
776
775
774
774
774
773
773
772
771
771
769
769
768
767
766
765
764
764
764
763
762
763
763
764
765
766
767
768
768
769
771
772
772
773
774
775
776
778
780
781
782
783
784
785
786
788
789
790
792
794
795
796
797
799
800
801
802
-
803
803
803
803
804
805
806
805
806
806
807
806
806
806
805
804
804
803
802
800
800
799
799
798
797
796
795
794
793
792
792
791
791
789
788
786
784
783
782
782
781
779
778
777
777
776
775
775
774
773
773
772
772
771
769
768
767
766
766
766
766
766
766
767
767
769
770
769
770
771
772
773
775
776
778
780
781
782
784
785
787
788
788
789
790
791
792
792
793
795
797
797
797
798
798
798
798
799
799
801
801
801
802
803
803
803
802
802
803
802
802
802
802
802
801
800
798
797
796
795
793
792
791
790
789
788
788
787
785
784
782
783
782
781
780
779
779
779
778
777
775
775
774
774
773
773
771
772
772
771
771
771
771
771
770
769
768
767
767
767
767
767
767
767
767
768
769
769
771
771
772
773
774
775
776
776
777
779
780
781
782
783
785
785
785
786
788
789
789
791
792
793
794
795
795
796
797
798
799
800
-
800
802
803
803
803
803
803
803
804
803
803
803
803
802
800
799
798
798
797
796
795
794
793
791
790
789
789
788
786
785
783
782
780
779
778
778
777
776
776
775
774
774
772
772
771
771
771
770
770
769
768
769
769
768
767
767
767
769
769
769
769
770
771
771
772
773
774
776
778
779
780
781
781
781
783
784
786
787
788
790
790
791
792
792
793
793
794
795
795
796
795
794
795
794
796
797
797
798
798
797
796
798
798
797
796
796
795
795
794
793
793
793
792
791
790
788
787
786
784
784
782
782
782
781
780
779
779
778
777
776
776
776
775
774
774
773
773
773
773
773
773
772
772
772
772
772
772
772
773
774
774
775
775
776
776
777
778
779
780
780
781
782
784
785
786
787
788
789
791
791
791
792
793
794
796
796
796
797
797
798
799
799
800
800
801
802
801
802
802
802
802
803
803
802
802
802
802
801
800
800
-
798
798
795
795
793
792
791
789
788
786
785
784
782
781
780
780
778
776
775
774
773
772
771
769
769
769
768
767
768
767
766
765
765
765
764
763
762
761
762
762
762
761
761
760
760
760
760
759
760
761
761
763
764
766
767
767
767
768
770
771
772
773
776
777
777
779
780
780
781
781
783
784
785
786
788
788
788
788
788
789
789
790
791
792
792
794
795
795
795
795
795
795
796
795
796
796
796
795
794
795
794
793
794
793
792
792
792
790
791
790
790
788
786
785
786
785
784
783
782
781
780
779
778
778
778
777
777
776
775
775
774
774
774
773
773
772
772
772
772
772
772
771
771
771
771
770
770
770
769
769
769
770
770
771
772
773
773
774
774
775
776
777
777
778
779
780
781
783
784
784
785
786
787
788
789
790
790
789
789
790
790
790
792
793
792
793
793
794
795
794
793
794
794
793
793
791
789
788
788
786
-
785
784
783
781
780
779
778
777
777
776
775
774
774
773
773
772
772
772
771
770
769
769
769
769
767
767
767
767
767
766
766
766
766
766
766
768
768
768
770
770
770
770
770
772
772
774
775
777
778
778
778
779
779
781
781
781
783
784
786
787
788
789
790
791
792
793
793
793
794
795
795
795
795
796
795
795
796
796
795
796
795
794
794
793
792
791
790
788
787
785
784
783
781
781
780
779
778
777
777
776
775
774
774
774
773
773
771
771
770
768
769
768
768
768
768
767
766
765
765
764
763
761
761
760
761
760
760
760
760
759
760
761
762
763
763
764
765
765
765
766
767
768
768
769
770
771
772
773
773
775
775
777
778
778
779
781
781
782
783
785
786
787
788
788
789
790
790
791
792
793
793
793
794
794
795
795
796
796
796
797
797
796
796
796
795
795
794
793
792
791
791
790
789
788
786
785
784
783
782
781
-
780
779
778
777
777
776
774
773
773
771
770
770
769
769
769
768
768
767
768
768
768
768
768
768
769
771
772
773
773
774
774
775
776
777
777
778
780
780
781
783
783
783
783
784
786
786
786
786
786
787
787
787
787
787
787
788
788
788
788
789
789
789
789
789
789
789
787
787
787
786
786
785
785
785
784
784
784
783
783
782
781
781
780
779
779
778
778
777
776
775
775
773
773
772
772
772
772
770
770
770
768
768
768
767
767
768
768
769
769
769
770
770
772
773
774
775
776
777
778
778
779
779
781
782
784
785
786
786
786
788
789
789
790
790
790
791
792
793
794
795
795
794
795
795
795
795
796
795
794
795
794
794
794
793
793
791
791
790
789
787
786
785
783
782
781
779
779
779
778
777
775
774
774
773
773
773
772
770
769
769
767
766
766
767
767
767
767
767
767
767
768
769
769
770
771
772
773
774
776
776
-
811
812
812
813
813
813
815
815
815
816
817
823
823
824
825
824
825
826
827
828
829
830
832
832
833
833
836
837
838
838
838
839
838
837
837
837
837
837
838
838
837
837
838
837
839
838
837
836
836
835
836
837
838
839
840
840
841
842
844
845
846
847
848
849
851
851
851
851
852
851
851
851
851
851
851
849
849
848
848
848
849
849
850
852
853
854
855
856
856
854
855
857
859
861
862
863
863
863
862
861
862
862
861
860
858
858
857
857
856
856
856
855
854
855
857
858
860
861
861
861
864
864
866
867
868
868
869
869
868
869
869
868
867
868
867
867
867
867
867
865
865
865
860
861
860
860
861
861
863
864
864
864
866
867
867
867
868
868
868
868
869
869
870
871
869
869
868
868
867
865
865
864
862
860
859
859
859
859
862
862
864
864
864
864
863
862
862
862
863
865
865
864
862
861
861
859
857
856
855
855
-
854
853
852
851
850
848
847
847
846
845
845
845
845
845
845
845
846
844
844
843
844
844
845
845
845
845
845
846
846
847
849
850
850
851
852
855
856
857
857
858
858
859
861
861
861
861
862
863
863
863
864
866
867
867
866
867
869
868
866
865
862
860
858
856
854
853
850
849
848
845
844
843
843
842
841
842
842
843
844
844
845
845
846
847
847
849
850
851
852
852
852
852
852
852
851
852
852
852
852
852
852
852
852
853
853
853
851
849
848
847
847
847
848
848
849
849
849
848
849
852
851
854
854
856
858
860
861
862
863
863
863
863
863
863
863
863
862
861
860
862
860
858
857
856
853
851
850
849
849
847
848
848
848
849
849
851
851
852
852
853
855
852
852
851
851
851
851
851
850
850
848
848
848
849
848
848
848
850
850
851
851
851
852
852
851
848
847
847
849
851
853
855
857
859
861
862
863
864
867
868
-
869
869
870
869
869
869
869
867
867
866
864
863
861
860
859
858
859
859
858
857
856
857
856
854
852
850
850
850
850
850
851
852
852
853
854
855
856
858
860
861
863
864
865
865
865
864
864
863
863
861
860
858
857
857
856
856
855
856
857
856
857
857
856
857
858
857
859
859
858
857
857
856
855
854
853
853
852
851
850
849
849
849
849
849
850
853
851
851
852
853
855
857
853
855
856
857
857
858
859
860
860
861
860
860
860
860
860
861
861
861
862
861
860
860
857
856
856
855
853
851
850
848
847
847
847
847
848
848
849
850
852
853
854
854
855
855
853
854
855
854
856
856
855
855
854
854
854
853
852
852
851
851
850
850
850
849
848
846
847
846
847
847
847
846
845
845
844
846
847
849
850
851
852
852
854
854
858
860
864
865
867
871
873
875
877
877
878
877
874
875
877
879
881
879
878
877
875
869
868
869
-
870
870
870
868
867
866
863
861
859
858
857
857
858
859
860
861
861
861
860
859
858
859
859
860
861
861
863
863
863
864
864
864
864
865
865
866
868
868
869
871
871
873
874
876
877
884
885
884
884
884
882
882
882
880
879
880
880
880
879
877
876
876
875
874
874
872
871
867
868
869
869
868
868
868
868
869
870
871
872
874
873
875
878
881
883
882
881
879
878
873
871
869
868
867
864
863
860
858
856
856
855
854
854
854
854
853
854
854
853
853
853
854
856
858
859
860
861
861
863
865
866
869
870
872
874
876
875
876
876
876
874
872
872
871
872
871
872
872
871
872
873
873
873
874
874
876
878
879
880
880
882
882
882
882
882
882
882
883
883
884
884
884
885
884
884
884
885
885
884
883
882
881
881
880
878
876
875
873
872
872
871
871
871
870
871
871
872
872
872
873
874
874
877
878
878
878
879
878
875
874
-
872
872
873
872
872
872
871
871
870
871
871
870
871
872
873
873
873
874
874
875
875
876
876
878
879
879
878
878
879
880
880
881
882
882
882
882
883
884
883
882
881
881
886
885
884
883
880
879
877
876
875
873
873
871
869
869
869
868
868
868
870
871
870
870
874
873
874
874
873
873
874
874
873
873
872
873
874
873
872
872
871
870
870
870
869
868
868
867
866
864
863
862
861
859
858
857
856
853
852
850
849
848
845
845
843
842
840
839
839
837
837
837
836
836
836
835
834
833
833
832
831
832
831
831
831
831
831
831
830
829
829
829
829
829
830
830
830
830
831
832
832
833
835
836
836
837
838
839
840
840
841
842
842
842
841
842
841
841
840
840
840
841
841
842
842
841
841
840
840
840
840
839
839
838
838
837
837
836
835
835
835
835
835
836
837
838
838
839
840
840
841
842
841
841
842
840
841
841
842
842
-
841
841
840
840
840
839
838
837
836
835
835
835
835
835
836
835
834
828
826
827
827
826
827
827
828
830
830
830
832
832
832
833
834
834
835
835
835
835
838
844
843
841
839
837
836
835
833
832
830
829
828
827
828
826
827
827
828
827
827
827
827
827
826
826
825
824
824
823
822
823
822
822
823
823
822
822
823
823
824
826
826
827
827
826
826
826
827
828
827
826
825
824
825
825
825
826
825
825
824
825
825
826
827
826
828
829
829
830
830
832
834
835
836
837
839
839
839
838
838
838
838
837
837
837
837
838
838
838
837
837
837
837
836
835
835
834
834
834
835
835
836
836
836
837
838
838
838
839
840
841
843
844
844
844
843
843
843
841
840
841
841
840
838
836
835
835
833
833
832
831
833
833
834
835
834
835
836
837
839
840
840
841
842
843
844
846
847
848
849
850
851
852
852
853
852
853
853
854
853
852
