-

Go to PROCESS, Array: 

Absolute Max: 766.00
Absolute Min: 711.00

0.65
0.64
0.64
0.62
0.62
0.58
0.58
0.58
0.55
0.53
0.53
0.49
0.47
0.47
0.44
0.42
0.40
0.40
0.38
0.36
0.35
0.33
0.33
0.29
0.25
0.24
0.22
0.20
0.16
0.16
0.13
0.11
0.09
0.07
0.07
0.05
0.04
0.04
0.04
0.02
0.02
0.02
0.04
0.02
0.04
0.04
0.0
5
0.07
0.11
0.13
0.15
0.18
0.18
0.22
0.24
0.25
0.27
0.29
0.31
0.31
0.33
0.35
0.36
0.36
0.38
0.40
0.40
0.42
0.40
0.44
0.47
0.49
0.51
0.51
0.55
0.55
0.58
0.60
0.60
0.62
0.
62
0.64
0.65
0.65
0.67
0.67
0.67
0.71
0.73
0.71
0.71
0.71
0.73
0.73
0.75
0.75
0.75
0.75
0.
75
0.75
0.76
0.76
0.78
0.75
0.76
0.75
0.73
0.71
0.71
0.71
0.69
0.69
0.67
0.65
0.62
0.60
0.58
0.56
0.56
0.53
0.51
0.51
0.49
0.49
0.47
0.47
0.44
0.42
0.40
0.38
0.36
0.35
0.33
0.33
0.33
0.31
0.27
0.29
0.29
0.27
0.27
0.25
0.24
0.24
0.20
0.20
0.18
0.
16
0.16
0.15
0.15
0.13
0.11
0.11
0.09
0.07
0.09
0.09
0.09
0.07
0.05
0.05
0.07
0.07
0.05
0.05
0.04
0.04
0.07
0.09
0.11
0.13
0.13
0.15
0.16
0.16
0.16
0.18
0.18
0.20
0.24
0.25
0.25
0.27
0.31
0.31
0.33
0.36
0.36
0.38
0.40
0.40
0.40
0.42
0.42
0.44
0.45
0.49
0.49
0.51
-
0.53
0.56
0.55
0.58
0.60
0.60
0.60
0.62
0.60
0.62
0.64
0.65
0.65
0.64
0.64
0.64
0.64
0.62
0.64
0.62
0.64
0.64
0.62
0.64
0.65
0.65
0.64
0.62
0.62
0.64
0.62
0.62
0.60
0.60
0.58
0.60
0.58
0.58
0.56
0.
55
0.51
0.49
0.47
0.45
0.45
0.45
0.45
0.44
0.44
0.42
0.42
0.40
0.38
0.38
0.36
0.35
0.3
5
0.33
0.33
0.29
0.29
0.25
0.25
0.24
0.24
0.22
0.22
0.22
0.22
0.22
0.18
0.18
0.22
0.20
0.18
0.18
0.16
0.15
0.13
0.13
0.15
0.15
0.
13
0.13
0.13
0.11
0.09
0.09
0.07
0.07
0.05
0.05
0.04
0.04
0.02
0.04
0.05
0.07
0.07
0.09
0.09
0.11
0.15
0.16
0.18
0.18
0.20
0.2
2
0.24
0.27
0.27
0.29
0.31
0.31
0.
33
0.35
0.36
0.35
0.35
0.35
0.35
0.36
0.36
0.36
0.38
0.38
0.40
0.40
0.3
8
0.3
8
0.40
0.42
0.42
0.42
0.44
0.44
0.44
0.42
0.42
0.42
0.42
0.40
0.38
0.40
0.38
0.36
0.35
0.35
0.31
0.29
0.27
0.27
0.25
0.22
0.22
0.22
0.24
0.24
0.22
0.22
0.22
0.20
0.18
0.16
0.15
0.15
0.15
0.11
0.11
0.11
0.11
0.11
0.09
0.11
0.11
0.11
0.09
0.11
0.11
0.11
0.09
0.11
0.13
0.13
0.15
0.16
0.16
0.16
0.16
0.18
0.22
0.24
0.25
0.27
0.27
0.29
0.31
0.
31
0.33
0.33
-
0.33
0.35
0.36
0.36
0.40
0.40
0.4
0
0.40
0.42
0.42
0.44
0.44
0.44
0.42
0.42
0.42
0.44
0.42
0.40
0.40
0.40
0.42
0.40
0.38
0.36
0.36
0.36
0.
36
0.35
0.35
0.33
0.33
0.33
0.33
0.33
0.31
0.29
0.31
0.31
0.33
0.33
0.33
0.31
0.31
0.29
0.29
0.29
0.29
0.31
0.29
0.27
0.
27
0.25
0.
27
0.29
0.31
0.31
0.3
1
0.33
0.31
0.33
0.31
0.31
0.33
0.35
0.35
0.35
0.36
0.36
0.38
0.38
0.40
0.42
0.45
0.49
0.53
0.5
5
0.55
0.56
0.56
0.60
0.60
0.62
0.64
0.65
0.65
0.67
0.6
9
0.67
0.67
0.7
1
0.71
0.71
0.71
0.71
0.71
0.73
0.71
0.71
0.71
0.69
0.65
0.65
0.62
0.62
0.62
0.60
0.5
8
0.58
0.56
0.56
0.56
0.55
0.55
0.55
0.55
0.53
0.53
0.51
0.51
0.51
0.51
0.51
0.53
0.53
0.55
0.53
0.51
0.49
0.45
0.44
0.44
0.42
0.40
0.40
0.40
0.40
0.40
0.42
0.42
0.42
0.42
0.42
0.44
0.44
0.44
0.44
0.45
0.45
0.47
0.49
0.5
1
0.51
0.51
0.53
0.53
0.53
0.53
0.53
0.53
0.53
0.51
0.49
0.51
0.51
0.51
0.51
0.49
0.49
0.53
0.53
0.51
0.49
0.51
0.51
0.51
0.53
0.53
0.56
0.58
0.58
0.58
0.60
0.60
0.62
0.62
0.60
0.60
0.60
0.60
0.62
0.60
0.58
0.58
0.56
0.55
0.55
0.53
0.55
0.55
-
0.55
0.53
0.53
0.53
0.53
0.53
0.53
0.53
0.51
0.53
0.53
0.53
0.51
0.53
0.55
0.56
0.56
0.58
0.62
0.64
0.67
0.71
0.71
0.73
0.76
0.78
0.78
0.78
0.80
0.82
0.80
0.80
0.78
0.76
0.76
0.76
0.76
0.78
0.76
0.76
0.75
0.75
0.75
0.75
0.75
0.75
0.73
0.73
0.71
0.71
0.71
0.71
0.71
0.73
0.75
0.75
0.76
0.78
0.78
0.80
0.82
0.85
0.85
0.85
0.85
0.87
0.89
0.89
0.91
0.93
0.93
0.91
0.91
0.87
0.85
0.84
0.84
0.84
0.84
0.82
0.80
0.78
0.76
0.76
0.78
0.76
0.76
0.76
0.76
0.75
0.73
0.73
0.73
0.73
0.73
0.71
0.67
0.67
0.65
0.64
0.62
0.62
0.62
0.64
0.6
2
0.64
0.6
2
0.62
0.58
0.56
0.55
0.53
0.55
0.55
0.51
0.51
0.47
0.49
0.47
0.47
0.47
0.47
0.47
0.47
0.45
0.45
0.44
0.44
0.44
0.40
0.40
0.40
0.40
0.42
0.38
0.38
0.38
0.42
0.42
0.
42
0.42
0.44
0.44
0.45
0.45
0.47
0.49
0.55
0.56
0.56
0.56
0.58
0.58
0.56
0.58
0.56
0.56
0.56
0.56
0.55
0.55
0.53
0.51
0.53
0.55
0.53
0.53
0.51
0.51
0.49
0.47
0.47
0.45
0.44
0.44
0.44
0.45
0.45
0.45
0.44
0.44
0.44
0.44
0.44
0.44
0.45
0.44
0.44
0.42
0.42
0.42
0.42
0.4
4
0.44
0.42
0.38
0.38
0.40
0.44
0.45
-
0.47
0.49
0.49
0.51
0.53
0.51
0.53
0.56
0.56
0.58
0.60
0.62
0.64
0.62
0.60
0.60
0.60
0.62
0.60
0.62
0.60
0.60
0.60
0.60
0.58
0.60
0.58
0.58
0.56
0.53
0.53
0.53
0.53
0.53
0.51
0.51
0.49
0.49
0.47
0.45
0.44
0.44
0.44
0.44
0.4
5
0.4
5
0.44
0.42
0.44
0.4
5
0.45
0.45
0.44
0.42
0.40
0.40
0.40
0.42
0.42
0.42
0.42
0.44
0.44
0.47
0.47
0.49
0.51
0.53
0.55
0.56
0.58
0.60
0.62
0.64
0.65
0.67
0.69
0.71
0.71
0.75
0.75
0.75
0.75
0.76
0.7
8
0.80
0.80
0.80
0.82
0.80
0.80
0.7
8
0.78
0.76
0.75
0.75
0.75
0.7
5
0.75
0.73
0.71
0.71
0.71
0.71
0.69
0.67
0.65
0.65
0.64
0.65
0.64
0.62
0.64
0.62
0.62
0.60
0.60
0.58
0.60
0.60
0.60
0.58
0.
56
0.56
0.56
0.55
0.55
0.53
0.55
0.56
0.55
0.55
0.55
0.53
0.53
0.53
0.53
0.55
0.53
0.53
0.53
0.51
0.53
0.53
0.53
0.53
0.51
0.51
0.51
0.53
0.53
0.5
3
0.55
0.55
0.53
0.53
0.53
0.55
0.55
0.55
0.55
0.56
0.58
0.60
0.64
0.64
0.65
0.65
0.67
0.67
0.71
0.71
0.71
0.71
0.71
0.73
0
.71
0.71
0.7
3
0.71
0.69
0.67
0.67
0.65
0.65
0.62
0.62
0.58
0.58
0.56
0
.56
0.53
0.51
0.51
0.47
0.47
0.47
0.45
0.42
0.42
-
0.40
0.40
0.36
0.36
0.35
0.36
0.35
0.33
0.31
0.33
0.33
0.33
0.33
0.35
0.33
0.31
0.33
0.33
0.33
0.35
0.35
0.36
0.38
0.40
0.40
0.42
0.45
0.47
0.53
0.55
0.56
0.58
0.60
0.60
0.64
0.62
0.64
0.62
0.64
0.64
0.64
0.62
0.
64
0.
64
0.64
0.62
0.64
0.65
0.64
0.62
0.60
0.62
0.62
0.60
0.60
0.60
0.56
0.56
0.58
0.58
0.56
0.56
0.58
0.60
0.62
0.64
0.64
0.64
0.67
0.67
0.67
0.69
0
.69
0.69
0.69
0.69
0.67
0.67
0.69
0.67
0.65
0.64
0.62
0.60
0.60
0.58
0.58
0.58
0.56
0.56
0.55
0.55
0.55
0.55
0.51
0.51
0.51
0.51
0.51
0.51
0.53
0.51
0.53
0.53
0.53
0.51
0.51
0.51
0.49
0.47
0.45
0.44
0.40
0.38
0.35
0.35
0.33
0.33
0.31
0.31
0.31
0.
31
0.35
0.36
0.36
0.40
0.40
0.42
0.42
0.45
0.45
0.45
0.49
0.51
0.53
0.55
0.56
0.56
0.58
0.60
0.62
0.64
0.65
0.67
0.65
0.65
0.67
0.65
0.65
0.65
0.65
0.67
0.67
0.67
0.69
0.67
0.67
0.65
0.65
0.67
0.65
0.64
0.64
0.62
0.60
0.60
0.60
0.58
0.58
0.56
0.55
0.55
0.53
0.53
0.53
0.51
0.51
0.49
0.47
0.47
0.47
0.47
0.47
0.49
0.49
0.47
0.47
0.47
0.47
0.47
0.47
0.47
0.49
0.49
0.49
0.51
0.51
0.49
0.49
0.47
-
0.47
0.49
0.49
0.49
0.49
0.47
0.47
0.45
0.44
0.44
0.44
0.44
0.44
0.45
0.45
0.45
0.45
0.44
0.44
0.44
0.44
0.42
0.45
0.45
0.49
0.49
0.49
0.51
0.53
0.53
0.53
0.55
0.
55
0.55
0.55
0.53
0.53
0.51
0.51
0.51
0.51
0.51
0.51
0.53
0.55
0.53
0.53
0.55
0.55
0.55
0.55
0.55
0.53
0.51
0.51
0.51
0.49
0.49
0.47
0.49
0.47
0.45
0.44
0.44
0.44
0.4
0
0.38
0.42
0.42
0.42
0.42
0.42
0.42
0.42
0.42
0.42
0.44
0.44
0.44
0.44
0.44
0.42
0.40
0.40
0.42
0.40
0.40
0.42
0.42
0.42
0.42
0.45
0.45
0.44
0.42
0.42
0.44
0.44
0.45
0.45
0.47
0.51
0.51
0.55
0.56
0.56
0.58
0.60
0.60
0.58
0.60
0.62
0.60
0.60
0.62
0.60
0.62
0.62
0.60
0.62
0.62
0.62
0.62
0.64
0.65
0.64
0.64
0.62
0.64
0.65
0.65
0.64
0.62
0.64
0.65
0.65
0.65
0.
65
0.65
0.64
0.64
0.64
0.65
0.65
0.64
0.62
0.62
0.62
0.62
0.60
0.62
0.64
0.62
0.62
0.6
2
0.64
0.64
0.62
0.60
0.62
0.60
0.60
0.60
0.58
0.58
0.58
0.58
0.56
0.56
0.58
0.58
0.58
0.64
0.64
0.65
0.67
0.69
0.69
0.67
0.69
0.69
0.69
0.71
0.73
0.73
0.75
0.76
0.75
0.75
0.75
0.75
0.75
0.75
0.75
0.75
0.75
0.73
0.71
0.71
0.71
