-

Go to PROCESS, Array: 
Absolute Max: 748.00
Absolute Min: 703.00

0.49
0.51
0.51
0.51
0.51
0.51
0.53
0.56
0.58
0.60
0.58
0.60
0.58
0.58
0.58
0.56
0.56
0.58
0.56
0.56
0.56
0.56
0.56
0.58
0.56
0.53
0.53
0.56
0.53
0.56
0.56
0.56
0.53
0.53
0.53
0.56
0.58
0.56
0.56
0.58
0.58
0.60
0.60
0.62
0.62
0.62
0.64
0.67
0.67
0.64
0.64
0.64
0.62
0.62
0.60
0.60
0.62
0.6
2
0.60
0.60
0.56
0.56
0.53
0.56
0.58
0.56
0.56
0.56
0.58
0.58
0.58
0.58
0.56
0.56
0.56
0.58
0.56
0.58
0.56
0.56
0.58
0.58
0.60
0.58
0.58
0.56
0.58
0.60
0.60
0.60
0.62
0.62
0.62
0.60
0.58
0.58
0.60
0.60
0.62
0.60
0.58
0.56
0.58
0.58
0.60
0.60
0.58
0.60
0.60
0.62
0.64
0.64
0.62
0.62
0.62
0.60
0.62
0.60
0.58
0.53
0.53
0.56
0.56
0.53
0.56
0.53
0.56
0.53
0.53
0.53
0.56
0.
53
0.53
0.51
0.53
0.53
0.56
0.56
0.53
0.56
0.56
0.53
0.53
0.56
0.51
0.51
0.53
0.53
0.56
0.56
0.53
0.53
0.56
0.58
0.58
0.58
0.56
0.56
0.53
0.53
0.51
0.53
0.51
0.53
0.56
0.58
0.60
0.62
0.62
0.62
0.60
0.60
0.58
0.58
0.58
0.58
0.58
0.58
0.60
0.58
0.56
0.56
0.56
0.56
0.53
0.56
0.56
0.58
0.60
0.60
0.60
0.60
0.6
2
0.60
0.58
0.56
0.56
0.5
8
0.56
0.56
-
0.58
0.60
0.62
0.60
0.62
0.64
0.62
0.64
0.64
0.64
0.64
0.67
0.67
0.69
0.69
0.67
0.67
0.67
0.67
0.64
0.62
0.62
0.62
0.64
0.62
0.60
0.60
0.58
0.58
0.58
0.60
0.60
0.60
0.64
0.67
0.67
0.69
0.67
0.64
0.64
0.67
0.64
0.64
0.67
0.62
0.62
0.64
0.64
0.62
0.64
0.67
0.64
0.64
0.62
0.62
0.62
0.64
0.62
0.64
0.62
0.60
0.58
0.56
0.56
0.56
0.56
0.56
0.56
0.58
0.58
0.56
0.58
0.60
0.60
0.62
0.67
0.67
0.67
0.67
0.67
0.69
0.67
0.69
0.67
0.64
0.64
0.62
0.62
0.60
0.58
0.56
0.58
0.60
0.60
0.62
0.60
0.62
0.62
0.60
0.60
0.58
0.58
0.5
6
0.58
0.56
0.56
0.58
0.60
0.58
0
.58
0.56
0.58
0.56
0.56
0.58
0.5
8
0.56
0.56
0.53
0.51
0.53
0.53
0.53
0.51
0.51
0.49
0.49
0.49
0.51
0.51
0.51
0.53
0.53
0.56
0.53
0.56
0.5
3
0.56
0.58
0.58
0.56
0.58
0.58
0.56
0.56
0.58
0.60
0.58
0.60
0.58
0.56
0.56
0.56
0.56
0.53
0.56
0.53
0.53
0.53
0.53
0.51
0.51
0.51
0.49
0.49
0.47
0.47
0.49
0.51
0.49
0.49
0.51
0.51
0.51
0.51
0.53
0.56
0.53
0.56
0.53
0.56
0.56
0.56
0.53
0.56
0.56
0.5
6
0.53
0.53
0.56
0.56
0.56
0.53
0.51
0.49
0.51
0.49
0.49
0.49
0.51
-
0.51
0.53
0.53
0.53
0.53
0.53
0.49
0.51
0.49
0.51
0.49
0.51
0.53
0.53
0.56
0.53
0.53
0.53
0.51
0.53
0.53
0.56
0.53
0.53
0.56
0.56
0.58
0.56
0.58
0.58
0.56
0.53
0.56
0
.56
0.53
0.53
0.51
0.51
0.
51
0.51
0.51
0.51
0.53
0.51
0.53
0.56
0.56
0.56
0.56
0.56
0.58
0.58
0.60
0.60
0.58
0.62
0.60
0.60
0.58
0.58
0.56
0.53
0.53
0.56
0.53
0.53
0.51
0.53
0.56
0.53
0.51
0.53
0.49
0.49
0.49
0.51
0.53
0.56
0.56
0.53
0.58
0.
58
0.60
0.58
0.60
0.60
0.60
0.62
0.64
0.62
0.67
0.67
0.69
0.69
0.69
0.69
0.69
0.69
0.69
0.69
0.71
0.71
0.71
0.69
0.69
0.67
0.67
0.67
0.64
0.64
0.64
0.67
0.64
0.62
0.64
0.62
0.62
0.64
0.64
0.62
0.64
0.64
0.
64
0.62
0.60
0.62
0.60
0.60
0.62
0.64
0.64
0.64
0.69
0.69
0.71
0.71
0.71
0.73
0.73
0.73
0.73
0.73
0.69
0.69
0.64
0.62
0.64
0.64
0
.67
0.64
0.64
0.64
0.62
0.60
0.60
0.60
0.56
0.56
0.53
0.56
0.56
0.58
0.58
0.60
0.60
0.62
0.62
0.64
0.67
0.67
0.64
0.64
0.64
0.64
0.64
0.64
0.69
0.69
0.71
0.69
0.67
0.67
0.69
0.69
0.69
0.69
0.69
0.69
0.69
0.69
0.71
0.71
0.73
0.71
0.71
0.73
0.71
0.76
0.76
0.76
-
0.76
0.71
0.71
0.71
0.69
0.69
0.67
0.67
0.67
0.67
0.67
0.69
0.69
0.69
0.71
0.69
0.69
0.67
0.64
0.67
0.64
0.67
0.62
0.60
0.62
0.67
0.64
0.67
0.6
2
0.62
0.60
0.58
0.60
0.58
0.58
0.6
0
0.58
0.58
0.56
0.56
0.56
0.56
0.53
0.53
0.51
0.51
0.51
0.49
0.51
0.51
0.49
0.49
0.51
0.53
0.53
0.56
0.58
0.56
0.51
0.53
0.49
0.49
0.47
0.47
0.47
0.47
0.47
0.47
0.47
0.47
0.49
0.51
0.49
0.49
0.49
0.51
0.49
0.49
0.49
0.49
0.47
0.47
0.47
0.44
0.42
0.42
0.42
0.44
0.47
0.44
0.44
0.47
0.47
0.47
0.49
0.49
0.49
0.49
0.51
0.51
0.53
0.53
0.56
0.53
0.56
0.56
0.53
0.53
0.51
0.53
0.56
0.56
0.53
0.53
0.51
0.51
0.51
0.49
0.49
0.51
0.53
0.56
0.56
0.56
0.58
0.60
0.62
0.62
0.64
0.62
0.64
0.62
0.64
0.64
0.64
0.64
0.62
0.64
0.67
0.67
0.64
0.67
0.67
0.67
0.67
0.67
0.64
0.67
0.67
0.64
0.67
0.64
0.67
0.69
0.69
0.6
9
0.71
0.71
0.71
0.71
0.69
0.69
0.67
0.64
0.64
0.64
0.64
0.64
0.64
0.64
0.64
0.64
0.6
2
0.60
0.60
0.58
0.56
0.56
0.56
0.53
0.51
0.51
0.53
0.53
0.51
0.51
0.53
0.53
0.56
0.56
0.53
0.56
0.58
0.62
0.60
0.64
0.64
0.67
0.67
0.67
-
0.71
0.69
0.71
0.69
0.67
0.69
0.69
0.69
0.69
0.69
0.69
0.71
0.
69
0.67
0.69
0.6
9
0.69
0.69
0.69
0.69
0.69
0.67
0.67
0.67
0.64
0.62
0.62
0.60
0.62
0.62
0.62
0.62
0.64
0.62
0.64
0.64
0.60
0.60
0.60
0.58
0.58
0.58
0.60
0.62
0.60
0.62
0.62
0.62
0.64
0.64
0.69
0.69
0.71
0.71
0.71
0.71
0.73
0.71
0.71
0.71
0.69
0.67
0.67
0.67
0.67
0.69
0.69
0.67
0.67
0.67
0.64
0.64
0.64
0.64
0.
64
0.64
0.62
0.67
0.67
0.69
0.67
0.67
0.69
0.71
0.71
0.73
0.73
0.73
0.73
0.76
0.78
0.78
0.80
0.84
0.82
0.84
0.87
0.84
0.87
0.84
0.
84
0.87
0.87
0.84
0.82
0.80
0.82
0.82
0.82
0.80
0.80
0.80
0.80
0.80
0.80
0.78
0.76
0.78
0.73
0.73
0.71
0.69
0.67
0.67
0.64
0.60
0.60
0.62
0.62
0.60
0.58
0.56
0.53
0.51
0.5
1
0.49
0.49
0.49
0.49
0.47
0.49
0.51
0.53
0.51
0.51
0.51
0.53
0.56
0.58
0.60
0.58
0.58
0.60
0.62
0.60
0.62
0.60
0.62
0.62
0.60
0.62
0.60
0.60
0.60
0.62
0.60
0.62
0.64
0.64
0.62
0.64
0.6
2
0.64
0.64
0.64
0.64
0.64
0.64
0.62
0.60
0.62
0.62
0.64
0.64
0.69
0.69
0.71
0.
71
0.7
1
0.73
0.71
0.71
0.69
0.67
0.67
0.67
0.67
0.69
0.67
0.69
-
0.69
0.71
0.71
0.69
0.71
0.71
0.71
0.71
0.71
0.69
0.67
0.64
0.62
0.64
0.62
0.60
0.
58
0.56
0.58
0.56
0.56
0.56
0.56
0.56
0.56
0.56
0.58
0.58
0.56
0.
58
0.56
0.58
0.58
0.56
0.56
0.56
0.56
0.53
0.56
0.58
0.56
0.56
0.58
0.58
0.58
0.56
0.56
0.58
0.58
0.58
0.58
0.58
0.60
0.62
0.64
0.62
0.60
0.62
0.62
0.62
0.64
0.64
0.62
0.64
0.62
0.60
0.60
0.58
0.60
0.60
0.58
0.56
0.56
0.56
0.56
0.58
0.56
0.58
0.56
0.53
0.51
0.51
0.49
0.49
0.4
9
0.49
0.49
0.47
0.47
0.42
0.44
0.44
0.42
0.42
0.42
0.44
0.47
0.47
0.49
0.49
0.51
0.49
0.49
0.51
0.49
0.49
0.49
0.49
0.47
0.47
0.44
0.44
0.42
0.42
0.40
0.40
0.40
0.40
0.40
0.42
0.42
0.40
0.40
0.38
0.38
0.38
0.38
0.38
0.36
0.36
0.
36
0.33
0.31
0.31
0.31
0.31
0.31
0.31
0.36
0.36
0.40
0.42
0.44
0.42
0.47
0.44
0.47
0.47
0.47
0.47
0.44
0.44
0.47
0.44
0.44
0.44
0.42
0.42
0.44
0.44
0.47
0.47
0.49
0.49
0.49
0.49
0.49
0.51
0.49
0.51
0.51
0.51
0.51
0.51
0.53
0.49
0.49
0.49
0.49
0.51
0.49
0.51
0.53
0.56
0.56
0.53
0.
53
0.53
0.53
0.51
0.51
0.51
0.49
0.49
0.49
0.49
0.51
0.49
0.49
0.49
-
0.47
0.49
0.47
0.49
0.51
0.51
0.49
0.53
0.51
0.51
0.51
0.49
0.49
0.51
0.53
0.51
0.51
0.53
0.53
0.51
0.51
0.51
0.49
0.49
0.49
0.47
0.47
0.44
0.44
0.42
0.4
2
0.42
0.42
0.44
0.40
0.40
0.42
0.44
0.44
0.42
0.42
0.42
0.44
0.44
0.44
0.44
0.47
0.49
0.51
0.51
0.49
0.51
0.53
0.56
0.53
0.56
0.53
0.53
0.56
0.53
0.53
0.51
0.51
0.47
0.47
0.47
0.44
0.47
0.47
0.47
0.49
0.49
0.47
0.44
0.42
0.40
0.38
0.38
0.38
0.38
0.38
0.40
0.42
0.42
0.44
0.47
0.51
0.51
0.53
0.56
0.56
0.
58
0.56
0.56
0.56
0.53
0.56
0.58
0.58
0.58
0.56
0.53
0.53
0.51
0.49
0.49
0.47
0.4
4
0.44
0.44
0.47
0.47
0.49
0.51
0.53
0.5
1
0.51
0.53
0.56
0.53
0.51
0.51
0.51
0.53
0.53
0.49
0.49
0.47
0.47
0.47
0.47
0.47
0.49
0.47
0.47
0.44
0.44
0
.44
0.4
4
0.44
0.44
0.42
0.44
0.44
0.44
0.47
0.47
0.47
0.47
0.47
0.47
0.47
0
.47
0.44
0.42
0.42
0.42
0.4
0
0.40
0.40
0.40
0.40
0.40
0.36
0.38
0.38
0.38
0.38
0.40
0.38
0.40
0.40
0.40
0.40
0.38
0.38
0.36
0.36
0.
40
0.38
0.38
0.38
0.40
0.42
0.42
0.44
0.44
0.47
0.49
0.49
0.49
0.49
0.49
0.47
0.47
0.44
0.44
0.44
0.44
0.42
